return {
  ["KeyframeSequence_1"] = {
    {Time = 0.000, Data = {
      ["Head"] = CFrame.new(-0.000402, 0.066937, -0.073554, 0.999671, 0.013079, -0.022075, -0.001780, 0.893600, 0.448861, 0.025597, -0.448674, 0.893329),
      ["LeftFoot"] = CFrame.new(0.000000, 0.120880, -0.000000, 0.941653, -0.322920, -0.094924, 0.336417, 0.894028, 0.295884, -0.010676, -0.310541, 0.950496),
      ["LeftHand"] = CFrame.new(0.000500, 0.000100, 0.000000, 0.998674, 0.033726, 0.038897, -0.034986, 0.998870, 0.032161, -0.037768, -0.033478, 0.998726),
      ["LeftLowerArm"] = CFrame.new(0.005665, -0.026149, 0.010764, 1.000000, -0.000000, -0.000000, 0.000000, 0.997706, -0.067702, 0.000000, 0.067702, 0.997706),
      ["LeftLowerLeg"] = CFrame.new(0.011049, -0.084021, -0.091881, 1.000000, 0.000000, -0.000000, 0.000000, 1.000000, 0.000001, -0.000000, -0.000002, 1.000000),
      ["LeftUpperArm"] = CFrame.new(-0.284148, -0.136964, -0.507831, 0.641045, -0.532551, -0.552676, 0.124466, -0.638430, 0.759549, -0.757344, -0.555695, -0.342978),
      ["LeftUpperLeg"] = CFrame.new(-0.000723, -0.097399, -0.061041, 0.960576, 0.168596, 0.221053, -0.146644, 0.982788, -0.112354, -0.236199, 0.075513, 0.968768),
      ["LowerTorso"] = CFrame.new(-0.101855, 0.686225, 0.670233, 0.999442, 0.014561, -0.030047, -0.030815, 0.748753, -0.662133, 0.012857, 0.662689, 0.748784),
      ["RightFoot"] = CFrame.new(0.000000, -0.007488, -0.000102, 0.985967, -0.008057, -0.166735, 0.093217, 0.855151, 0.509969, 0.138492, -0.518317, 0.843878),
      ["RightHand"] = CFrame.new(-0.000500, 0.000000, 0.000000, 0.999992, -0.003397, 0.002252, 0.003462, 0.999559, -0.029487, -0.002151, 0.029495, 0.999563),
      ["RightLowerArm"] = CFrame.new(-0.011635, -0.026085, -0.002529, 1.000000, 0.000000, 0.000000, 0.000000, 0.987616, -0.156891, -0.000000, 0.156891, 0.987616),
      ["RightLowerLeg"] = CFrame.new(0.015312, -0.083557, -0.174401, 1.000000, 0.000000, 0.000000, -0.000000, 0.831854, 0.554969, -0.000000, -0.554995, 0.831871),
      ["RightUpperArm"] = CFrame.new(0.122167, 0.080152, -0.364668, 0.631842, 0.571369, 0.523748, -0.028724, -0.657995, 0.752475, 0.774565, -0.490489, -0.399336),
      ["RightUpperLeg"] = CFrame.new(-0.016717, -0.066244, -0.093048, 0.979783, -0.103558, 0.171155, 0.155905, 0.931392, -0.328922, -0.125377, 0.348978, 0.928717),
      ["UpperTorso"] = CFrame.new(-0.027429, -0.045802, -0.026058, 0.999396, -0.006822, 0.034069, -0.006298, 0.928730, 0.370703, -0.034170, -0.370694, 0.928126)
    }},
    {Time = 0.017, Data = {
      ["Head"] = CFrame.new(-0.000402, 0.066938, -0.073554, 0.999671, 0.013079, -0.022075, -0.001780, 0.893600, 0.448861, 0.025597, -0.448674, 0.893329),
      ["LeftFoot"] = CFrame.new(0.000000, 0.120869, -0.000000, 0.941655, -0.322915, -0.094920, 0.336411, 0.894026, 0.295900, -0.010683, -0.310555, 0.950491),
      ["LeftHand"] = CFrame.new(0.000500, 0.000100, 0.000001, 0.998676, 0.033689, 0.038875, -0.034947, 0.998872, 0.032145, -0.037748, -0.033460, 0.998727),
      ["LeftLowerArm"] = CFrame.new(0.005711, -0.026189, 0.010725, 1.000000, 0.000000, -0.000000, 0.000000, 0.997706, -0.067695, 0.000000, 0.067695, 0.997706),
      ["LeftLowerLeg"] = CFrame.new(0.011049, -0.084033, -0.091883, 1.000000, -0.000000, 0.000000, -0.000000, 1.000000, 0.000002, 0.000000, -0.000002, 1.000000),
      ["LeftUpperArm"] = CFrame.new(-0.284208, -0.136941, -0.507828, 0.641045, -0.532551, -0.552676, 0.124466, -0.638430, 0.759549, -0.757344, -0.555695, -0.342978),
      ["LeftUpperLeg"] = CFrame.new(-0.000725, -0.097392, -0.061039, 0.960577, 0.168593, 0.221048, -0.146641, 0.982788, -0.112359, -0.236194, 0.075520, 0.968769),
      ["LowerTorso"] = CFrame.new(-0.101855, 0.686254, 0.670233, 0.999442, 0.014561, -0.030047, -0.030815, 0.748753, -0.662133, 0.012857, 0.662689, 0.748784),
      ["RightFoot"] = CFrame.new(0.000000, -0.007488, -0.000102, 0.985966, -0.008059, -0.166738, 0.093220, 0.855153, 0.509965, 0.138494, -0.518313, 0.843880),
      ["RightHand"] = CFrame.new(-0.000500, -0.000000, 0.000000, 0.999992, -0.003360, 0.002259, 0.003425, 0.999559, -0.029499, -0.002159, 0.029507, 0.999562),
      ["RightLowerArm"] = CFrame.new(-0.011682, -0.026129, -0.002558, 1.000000, 0.000000, 0.000000, 0.000000, 0.987617, -0.156886, -0.000000, 0.156885, 0.987617),
      ["RightLowerLeg"] = CFrame.new(0.015312, -0.083564, -0.174397, 1.000000, 0.000000, -0.000000, -0.000000, 0.831897, 0.554905, 0.000000, -0.554930, 0.831914),
      ["RightUpperArm"] = CFrame.new(0.122168, 0.080130, -0.364730, 0.631842, 0.571369, 0.523748, -0.028724, -0.657995, 0.752475, 0.774565, -0.490489, -0.399336),
      ["RightUpperLeg"] = CFrame.new(-0.016716, -0.066236, -0.093040, 0.979784, -0.103562, 0.171147, 0.155902, 0.931406, -0.328884, -0.125374, 0.348939, 0.928732),
      ["UpperTorso"] = CFrame.new(-0.027429, -0.045787, -0.026072, 0.999396, -0.006822, 0.034069, -0.006298, 0.928730, 0.370703, -0.034170, -0.370694, 0.928126)
    }},
    {Time = 0.033, Data = {
      ["Head"] = CFrame.new(-0.000402, 0.066937, -0.073554, 0.999671, 0.013079, -0.022075, -0.001780, 0.893600, 0.448861, 0.025597, -0.448674, 0.893329),
      ["LeftFoot"] = CFrame.new(0.000000, 0.120836, -0.000000, 0.941661, -0.322899, -0.094909, 0.336392, 0.894017, 0.295946, -0.010705, -0.310595, 0.950478),
      ["LeftHand"] = CFrame.new(0.000500, 0.000100, -0.000000, 0.998682, 0.033577, 0.038808, -0.034831, 0.998878, 0.032098, -0.037686, -0.033407, 0.998731),
      ["LeftLowerArm"] = CFrame.new(0.005846, -0.026309, 0.010609, 1.000000, -0.000000, -0.000000, 0.000000, 0.997707, -0.067675, 0.000000, 0.067674, 0.997707),
      ["LeftLowerLeg"] = CFrame.new(0.011049, -0.084068, -0.091886, 1.000000, -0.000000, -0.000000, 0.000000, 1.000000, 0.000002, -0.000000, -0.000002, 1.000000),
      ["LeftUpperArm"] = CFrame.new(-0.284387, -0.136873, -0.507819, 0.641045, -0.532551, -0.552676, 0.124466, -0.638430, 0.759549, -0.757344, -0.555695, -0.342978),
      ["LeftUpperLeg"] = CFrame.new(-0.000731, -0.097369, -0.061034, 0.960582, 0.168584, 0.221034, -0.146629, 0.982788, -0.112374, -0.236181, 0.075540, 0.968771),
      ["LowerTorso"] = CFrame.new(-0.101855, 0.686342, 0.670233, 0.999442, 0.014561, -0.030047, -0.030815, 0.748753, -0.662133, 0.012857, 0.662689, 0.748784),
      ["RightFoot"] = CFrame.new(0.000000, -0.007492, -0.000102, 0.985965, -0.008065, -0.166745, 0.093226, 0.855160, 0.509952, 0.138498, -0.518302, 0.843887),
      ["RightHand"] = CFrame.new(-0.000500, 0.000000, -0.000000, 0.999992, -0.003250, 0.002278, 0.003316, 0.999558, -0.029536, -0.002181, 0.029544, 0.999561),
      ["RightLowerArm"] = CFrame.new(-0.011824, -0.026258, -0.002646, 1.000000, 0.000000, 0.000000, -0.000000, 0.987619, -0.156869, -0.000000, 0.156869, 0.987619),
      ["RightLowerLeg"] = CFrame.new(0.015312, -0.083587, -0.174385, 1.000000, 0.000000, 0.000000, -0.000000, 0.832026, 0.554712, -0.000000, -0.554737, 0.832042),
      ["RightUpperArm"] = CFrame.new(0.122172, 0.080064, -0.364912, 0.631842, 0.571369, 0.523748, -0.028724, -0.657995, 0.752475, 0.774565, -0.490489, -0.399336),
      ["RightUpperLeg"] = CFrame.new(-0.016716, -0.066216, -0.093016, 0.979787, -0.103577, 0.171120, 0.155891, 0.931447, -0.328772, -0.125363, 0.348823, 0.928777),
      ["UpperTorso"] = CFrame.new(-0.027431, -0.045742, -0.026111, 0.999396, -0.006822, 0.034069, -0.006298, 0.928730, 0.370704, -0.034170, -0.370694, 0.928126)
    }},
    {Time = 0.050, Data = {
      ["Head"] = CFrame.new(-0.000402, 0.066938, -0.073554, 0.999671, 0.013079, -0.022075, -0.001780, 0.893600, 0.448861, 0.025597, -0.448674, 0.893329),
      ["LeftFoot"] = CFrame.new(0.000000, 0.120781, -0.000000, 0.941672, -0.322873, -0.094889, 0.336360, 0.894003, 0.296024, -0.010741, -0.310662, 0.950456),
      ["LeftHand"] = CFrame.new(0.000500, 0.000100, -0.000000, 0.998693, 0.033391, 0.038697, -0.034638, 0.998887, 0.032021, -0.037584, -0.033318, 0.998738),
      ["LeftLowerArm"] = CFrame.new(0.006069, -0.026506, 0.010419, 1.000000, -0.000000, -0.000000, 0.000000, 0.997710, -0.067640, 0.000000, 0.067640, 0.997710),
      ["LeftLowerLeg"] = CFrame.new(0.011050, -0.084126, -0.091892, 1.000000, 0.000000, -0.000000, 0.000000, 1.000000, 0.000002, 0.000000, -0.000002, 1.000000),
      ["LeftUpperArm"] = CFrame.new(-0.284682, -0.136761, -0.507803, 0.641045, -0.532551, -0.552676, 0.124466, -0.638430, 0.759549, -0.757344, -0.555695, -0.342978),
      ["LeftUpperLeg"] = CFrame.new(-0.000740, -0.097331, -0.061025, 0.960591, 0.168570, 0.221009, -0.146610, 0.982788, -0.112399, -0.236159, 0.075573, 0.968773),
      ["LowerTorso"] = CFrame.new(-0.101855, 0.686487, 0.670233, 0.999442, 0.014561, -0.030047, -0.030815, 0.748753, -0.662133, 0.012857, 0.662689, 0.748784),
      ["RightFoot"] = CFrame.new(-0.000000, -0.007497, -0.000102, 0.985963, -0.008076, -0.166756, 0.093238, 0.855171, 0.509931, 0.138504, -0.518283, 0.843897),
      ["RightHand"] = CFrame.new(-0.000500, 0.000000, -0.000000, 0.999993, -0.003067, 0.002311, 0.003134, 0.999557, -0.029598, -0.002219, 0.029605, 0.999559),
      ["RightLowerArm"] = CFrame.new(-0.012056, -0.026471, -0.002792, 1.000000, 0.000000, 0.000000, 0.000000, 0.987624, -0.156841, -0.000000, 0.156841, 0.987624),
      ["RightLowerLeg"] = CFrame.new(0.015312, -0.083624, -0.174364, 1.000000, 0.000000, 0.000000, -0.000000, 0.832239, 0.554392, 0.000000, -0.554417, 0.832256),
      ["RightUpperArm"] = CFrame.new(0.122177, 0.079956, -0.365213, 0.631842, 0.571369, 0.523748, -0.028724, -0.657995, 0.752475, 0.774565, -0.490489, -0.399336),
      ["RightUpperLeg"] = CFrame.new(-0.016715, -0.066180, -0.092976, 0.979792, -0.103601, 0.171074, 0.155872, 0.931516, -0.328585, -0.125343, 0.348632, 0.928852),
      ["UpperTorso"] = CFrame.new(-0.027434, -0.045667, -0.026177, 0.999396, -0.006822, 0.034069, -0.006298, 0.928730, 0.370704, -0.034170, -0.370694, 0.928126)
    }},
    {Time = 0.067, Data = {
      ["Head"] = CFrame.new(-0.000402, 0.066937, -0.073554, 0.999671, 0.013079, -0.022075, -0.001780, 0.893600, 0.448861, 0.025597, -0.448674, 0.893329),
      ["LeftFoot"] = CFrame.new(0.000000, 0.120705, 0.000000, 0.941687, -0.322837, -0.094862, 0.336317, 0.893984, 0.296132, -0.010791, -0.310755, 0.950425),
      ["LeftHand"] = CFrame.new(0.000500, 0.000100, 0.000001, 0.998708, 0.033132, 0.038542, -0.034369, 0.998900, 0.031912, -0.037442, -0.033195, 0.998747),
      ["LeftLowerArm"] = CFrame.new(0.006378, -0.026778, 0.010154, 1.000000, -0.000000, -0.000000, 0.000000, 0.997713, -0.067592, 0.000000, 0.067592, 0.997713),
      ["LeftLowerLeg"] = CFrame.new(0.011051, -0.084208, -0.091900, 1.000000, 0.000000, -0.000000, -0.000000, 1.000000, 0.000002, 0.000000, -0.000001, 1.000000),
      ["LeftUpperArm"] = CFrame.new(-0.285090, -0.136605, -0.507782, 0.641045, -0.532550, -0.552676, 0.124466, -0.638430, 0.759549, -0.757344, -0.555695, -0.342978),
      ["LeftUpperLeg"] = CFrame.new(-0.000753, -0.097279, -0.061012, 0.960602, 0.168549, 0.220974, -0.146584, 0.982788, -0.112433, -0.236129, 0.075618, 0.968777),
      ["LowerTorso"] = CFrame.new(-0.101855, 0.686691, 0.670233, 0.999442, 0.014561, -0.030047, -0.030815, 0.748753, -0.662133, 0.012857, 0.662689, 0.748784),
      ["RightFoot"] = CFrame.new(-0.000000, -0.007504, -0.000102, 0.985960, -0.008090, -0.166773, 0.093255, 0.855187, 0.509902, 0.138514, -0.518257, 0.843912),
      ["RightHand"] = CFrame.new(-0.000500, 0.000000, 0.000000, 0.999993, -0.002812, 0.002357, 0.002880, 0.999555, -0.029683, -0.002272, 0.029690, 0.999557),
      ["RightLowerArm"] = CFrame.new(-0.012378, -0.026767, -0.002993, 1.000000, 0.000000, 0.000000, -0.000000, 0.987630, -0.156803, -0.000000, 0.156802, 0.987630),
      ["RightLowerLeg"] = CFrame.new(0.015312, -0.083677, -0.174335, 1.000000, 0.000000, 0.000000, -0.000000, 0.832537, 0.553944, 0.000000, -0.553969, 0.832554),
      ["RightUpperArm"] = CFrame.new(0.122185, 0.079807, -0.365629, 0.631842, 0.571369, 0.523748, -0.028724, -0.657995, 0.752475, 0.774565, -0.490489, -0.399337),
      ["RightUpperLeg"] = CFrame.new(-0.016714, -0.066131, -0.092921, 0.979800, -0.103635, 0.171011, 0.155846, 0.931613, -0.328324, -0.125317, 0.348365, 0.928956),
      ["UpperTorso"] = CFrame.new(-0.027439, -0.045564, -0.026269, 0.999396, -0.006822, 0.034069, -0.006298, 0.928730, 0.370704, -0.034170, -0.370695, 0.928126)
    }},
    {Time = 0.083, Data = {
      ["Head"] = CFrame.new(-0.000402, 0.066937, -0.073554, 0.999671, 0.013079, -0.022075, -0.001780, 0.893600, 0.448861, 0.025597, -0.448674, 0.893329),
      ["LeftFoot"] = CFrame.new(0.000000, 0.120607, 0.000000, 0.941707, -0.322790, -0.094828, 0.336260, 0.893959, 0.296271, -0.010855, -0.310874, 0.950385),
      ["LeftHand"] = CFrame.new(0.000500, 0.000100, 0.000000, 0.998726, 0.032800, 0.038344, -0.034026, 0.998916, 0.031774, -0.037260, -0.033037, 0.998759),
      ["LeftLowerArm"] = CFrame.new(0.006770, -0.027124, 0.009817, 1.000000, -0.000000, -0.000000, 0.000000, 0.997717, -0.067530, 0.000000, 0.067530, 0.997717),
      ["LeftLowerLeg"] = CFrame.new(0.011052, -0.084312, -0.091909, 1.000000, 0.000000, 0.000000, -0.000000, 1.000000, 0.000002, -0.000000, -0.000002, 1.000000),
      ["LeftUpperArm"] = CFrame.new(-0.285609, -0.136406, -0.507755, 0.641045, -0.532551, -0.552676, 0.124466, -0.638430, 0.759549, -0.757344, -0.555695, -0.342978),
      ["LeftUpperLeg"] = CFrame.new(-0.000770, -0.097213, -0.060995, 0.960617, 0.168524, 0.220930, -0.146550, 0.982788, -0.112478, -0.236090, 0.075676, 0.968782),
      ["LowerTorso"] = CFrame.new(-0.101855, 0.686951, 0.670233, 0.999442, 0.014561, -0.030047, -0.030815, 0.748753, -0.662133, 0.012857, 0.662689, 0.748784),
      ["RightFoot"] = CFrame.new(0.000000, -0.007512, -0.000102, 0.985956, -0.008108, -0.166793, 0.093276, 0.855207, 0.509865, 0.138526, -0.518224, 0.843930),
      ["RightHand"] = CFrame.new(-0.000500, 0.000000, 0.000000, 0.999994, -0.002485, 0.002415, 0.002556, 0.999553, -0.029793, -0.002340, 0.029799, 0.999553),
      ["RightLowerArm"] = CFrame.new(-0.012787, -0.027141, -0.003249, 1.000000, 0.000000, 0.000000, 0.000000, 0.987638, -0.156753, -0.000000, 0.156753, 0.987638),
      ["RightLowerLeg"] = CFrame.new(0.015312, -0.083743, -0.174298, 1.000000, 0.000000, 0.000000, -0.000000, 0.832918, 0.553371, 0.000000, -0.553397, 0.832935),
      ["RightUpperArm"] = CFrame.new(0.122194, 0.079617, -0.366159, 0.631842, 0.571369, 0.523748, -0.028724, -0.657995, 0.752475, 0.774565, -0.490489, -0.399336),
      ["RightUpperLeg"] = CFrame.new(-0.016713, -0.066069, -0.092850, 0.979809, -0.103678, 0.170930, 0.155814, 0.931736, -0.327990, -0.125283, 0.348023, 0.929088),
      ["UpperTorso"] = CFrame.new(-0.027444, -0.045431, -0.026386, 0.999396, -0.006822, 0.034069, -0.006298, 0.928730, 0.370704, -0.034170, -0.370695, 0.928126)
    }},
    {Time = 0.100, Data = {
      ["Head"] = CFrame.new(-0.000402, 0.066938, -0.073554, 0.999671, 0.013079, -0.022075, -0.001780, 0.893600, 0.448861, 0.025597, -0.448674, 0.893329),
      ["LeftFoot"] = CFrame.new(0.000000, 0.120488, -0.000000, 0.941730, -0.322734, -0.094786, 0.336192, 0.893929, 0.296439, -0.010933, -0.311020, 0.950336),
      ["LeftHand"] = CFrame.new(0.000500, 0.000100, 0.000000, 0.998749, 0.032395, 0.038103, -0.033607, 0.998935, 0.031605, -0.037038, -0.032845, 0.998774),
      ["LeftLowerArm"] = CFrame.new(0.007244, -0.027544, 0.009411, 1.000000, -0.000000, -0.000000, 0.000000, 0.997722, -0.067455, 0.000000, 0.067455, 0.997722),
      ["LeftLowerLeg"] = CFrame.new(0.011054, -0.084439, -0.091922, 1.000000, 0.000000, 0.000000, 0.000000, 1.000000, 0.000002, 0.000000, -0.000001, 1.000000),
      ["LeftUpperArm"] = CFrame.new(-0.286236, -0.136166, -0.507722, 0.641045, -0.532551, -0.552676, 0.124466, -0.638430, 0.759549, -0.757344, -0.555695, -0.342978),
      ["LeftUpperLeg"] = CFrame.new(-0.000790, -0.097131, -0.060976, 0.960635, 0.168492, 0.220876, -0.146509, 0.982788, -0.112532, -0.236042, 0.075747, 0.968788),
      ["LowerTorso"] = CFrame.new(-0.101855, 0.687268, 0.670233, 0.999442, 0.014561, -0.030047, -0.030815, 0.748753, -0.662133, 0.012857, 0.662689, 0.748784),
      ["RightFoot"] = CFrame.new(-0.000000, -0.007523, -0.000102, 0.985952, -0.008130, -0.166819, 0.093301, 0.855231, 0.509819, 0.138541, -0.518183, 0.843953),
      ["RightHand"] = CFrame.new(-0.000500, 0.000000, 0.000000, 0.999995, -0.002088, 0.002486, 0.002161, 0.999550, -0.029926, -0.002423, 0.029932, 0.999549),
      ["RightLowerArm"] = CFrame.new(-0.013282, -0.027595, -0.003558, 1.000000, 0.000000, 0.000000, 0.000000, 0.987647, -0.156693, -0.000000, 0.156693, 0.987647),
      ["RightLowerLeg"] = CFrame.new(0.015313, -0.083825, -0.174254, 1.000000, 0.000000, 0.000000, -0.000000, 0.833381, 0.552674, -0.000000, -0.552699, 0.833397),
      ["RightUpperArm"] = CFrame.new(0.122206, 0.079387, -0.366798, 0.631842, 0.571369, 0.523748, -0.028724, -0.657995, 0.752475, 0.774565, -0.490489, -0.399337),
      ["RightUpperLeg"] = CFrame.new(-0.016712, -0.065992, -0.092764, 0.979821, -0.103730, 0.170833, 0.155774, 0.931885, -0.327585, -0.125243, 0.347607, 0.929249),
      ["UpperTorso"] = CFrame.new(-0.027451, -0.045271, -0.026528, 0.999396, -0.006822, 0.034069, -0.006298, 0.928729, 0.370705, -0.034170, -0.370696, 0.928126)
    }},
    {Time = 0.117, Data = {
      ["Head"] = CFrame.new(-0.000402, 0.066937, -0.073554, 0.999671, 0.013079, -0.022075, -0.001780, 0.893600, 0.448861, 0.025597, -0.448674, 0.893329),
      ["LeftFoot"] = CFrame.new(-0.000000, 0.120349, -0.000000, 0.941758, -0.322668, -0.094737, 0.336111, 0.893894, 0.296638, -0.011025, -0.311191, 0.950279),
      ["LeftHand"] = CFrame.new(0.000500, 0.000100, -0.000000, 0.998775, 0.031920, 0.037819, -0.033115, 0.998958, 0.031407, -0.036777, -0.032620, 0.998791),
      ["LeftLowerArm"] = CFrame.new(0.007798, -0.028033, 0.008936, 1.000000, 0.000000, -0.000000, 0.000000, 0.997728, -0.067367, 0.000000, 0.067367, 0.997728),
      ["LeftLowerLeg"] = CFrame.new(0.011056, -0.084588, -0.091936, 1.000000, 0.000000, -0.000000, -0.000000, 1.000000, 0.000002, -0.000000, -0.000002, 1.000000),
      ["LeftUpperArm"] = CFrame.new(-0.286969, -0.135885, -0.507683, 0.641045, -0.532550, -0.552676, 0.124466, -0.638430, 0.759549, -0.757344, -0.555695, -0.342978),
      ["LeftUpperLeg"] = CFrame.new(-0.000814, -0.097035, -0.060953, 0.960656, 0.168455, 0.220812, -0.146460, 0.982788, -0.112596, -0.235986, 0.075831, 0.968795),
      ["LowerTorso"] = CFrame.new(-0.101855, 0.687640, 0.670233, 0.999442, 0.014561, -0.030047, -0.030815, 0.748753, -0.662133, 0.012857, 0.662689, 0.748784),
      ["RightFoot"] = CFrame.new(-0.000000, -0.007536, -0.000102, 0.985947, -0.008156, -0.166849, 0.093331, 0.855260, 0.509766, 0.138559, -0.518136, 0.843979),
      ["RightHand"] = CFrame.new(-0.000500, -0.000000, 0.000000, 0.999995, -0.001620, 0.002570, 0.001697, 0.999546, -0.030084, -0.002520, 0.030088, 0.999544),
      ["RightLowerArm"] = CFrame.new(-0.013860, -0.028124, -0.003919, 1.000000, 0.000000, 0.000000, 0.000000, 0.987659, -0.156622, -0.000000, 0.156622, 0.987659),
      ["RightLowerLeg"] = CFrame.new(0.015313, -0.083921, -0.174202, 1.000000, 0.000000, 0.000000, -0.000000, 0.833925, 0.551852, 0.000000, -0.551878, 0.833942),
      ["RightUpperArm"] = CFrame.new(0.122219, 0.079119, -0.367546, 0.631842, 0.571369, 0.523748, -0.028724, -0.657995, 0.752475, 0.774565, -0.490489, -0.399337),
      ["RightUpperLeg"] = CFrame.new(-0.016710, -0.065902, -0.092663, 0.979834, -0.103791, 0.170718, 0.155727, 0.932061, -0.327107, -0.125195, 0.347117, 0.929439),
      ["UpperTorso"] = CFrame.new(-0.027458, -0.045082, -0.026695, 0.999396, -0.006822, 0.034069, -0.006298, 0.928729, 0.370706, -0.034169, -0.370696, 0.928125)
    }},
    {Time = 0.133, Data = {
      ["Head"] = CFrame.new(-0.000402, 0.066938, -0.073554, 0.999671, 0.013079, -0.022075, -0.001780, 0.893600, 0.448861, 0.025597, -0.448674, 0.893329),
      ["LeftFoot"] = CFrame.new(0.000000, 0.120188, 0.000000, 0.941790, -0.322592, -0.094680, 0.336019, 0.893853, 0.296866, -0.011130, -0.311388, 0.950214),
      ["LeftHand"] = CFrame.new(0.000500, 0.000100, 0.000001, 0.998804, 0.031374, 0.037494, -0.032550, 0.998984, 0.031179, -0.036477, -0.032361, 0.998810),
      ["LeftLowerArm"] = CFrame.new(0.008431, -0.028591, 0.008395, 1.000000, -0.000000, -0.000000, 0.000000, 0.997735, -0.067266, 0.000000, 0.067265, 0.997735),
      ["LeftLowerLeg"] = CFrame.new(0.011058, -0.084759, -0.091953, 1.000000, -0.000000, -0.000000, -0.000000, 1.000000, 0.000002, -0.000000, -0.000001, 1.000000),
      ["LeftUpperArm"] = CFrame.new(-0.287804, -0.135564, -0.507639, 0.641045, -0.532550, -0.552676, 0.124466, -0.638430, 0.759549, -0.757344, -0.555695, -0.342978),
      ["LeftUpperLeg"] = CFrame.new(-0.000842, -0.096924, -0.060926, 0.960680, 0.168412, 0.220739, -0.146404, 0.982788, -0.112669, -0.235922, 0.075927, 0.968803),
      ["LowerTorso"] = CFrame.new(-0.101855, 0.688069, 0.670233, 0.999442, 0.014561, -0.030047, -0.030815, 0.748753, -0.662133, 0.012857, 0.662689, 0.748784),
      ["RightFoot"] = CFrame.new(-0.000000, -0.007550, -0.000102, 0.985941, -0.008187, -0.166882, 0.093365, 0.855292, 0.509705, 0.138577, -0.518081, 0.844009),
      ["RightHand"] = CFrame.new(-0.000500, 0.000000, 0.000000, 0.999996, -0.001083, 0.002665, 0.001164, 0.999541, -0.030264, -0.002631, 0.030267, 0.999538),
      ["RightLowerArm"] = CFrame.new(-0.014519, -0.028728, -0.004331, 1.000000, 0.000000, 0.000000, 0.000000, 0.987672, -0.156541, -0.000000, 0.156540, 0.987671),
      ["RightLowerLeg"] = CFrame.new(0.015313, -0.084031, -0.174141, 1.000000, 0.000000, -0.000000, -0.000000, 0.834549, 0.550908, 0.000000, -0.550933, 0.834566),
      ["RightUpperArm"] = CFrame.new(0.122234, 0.078813, -0.368399, 0.631842, 0.571369, 0.523748, -0.028724, -0.657995, 0.752475, 0.774565, -0.490489, -0.399337),
      ["RightUpperLeg"] = CFrame.new(-0.016708, -0.065799, -0.092546, 0.979850, -0.103863, 0.170584, 0.155673, 0.932262, -0.326559, -0.125138, 0.346555, 0.929656),
      ["UpperTorso"] = CFrame.new(-0.027467, -0.044866, -0.026886, 0.999396, -0.006822, 0.034069, -0.006298, 0.928729, 0.370706, -0.034169, -0.370697, 0.928125)
    }},
    {Time = 0.150, Data = {
      ["Head"] = CFrame.new(-0.000402, 0.066937, -0.073554, 0.999671, 0.013079, -0.022075, -0.001780, 0.893600, 0.448861, 0.025597, -0.448674, 0.893329),
      ["LeftFoot"] = CFrame.new(0.000000, 0.120006, 0.000000, 0.941825, -0.322506, -0.094617, 0.335914, 0.893806, 0.297124, -0.011249, -0.311610, 0.950139),
      ["LeftHand"] = CFrame.new(0.000500, 0.000101, -0.000000, 0.998837, 0.030757, 0.037126, -0.031912, 0.999012, 0.030921, -0.036138, -0.032069, 0.998832),
      ["LeftLowerArm"] = CFrame.new(0.009139, -0.029217, 0.007788, 1.000000, -0.000000, -0.000000, 0.000000, 0.997743, -0.067151, 0.000000, 0.067151, 0.997743),
      ["LeftLowerLeg"] = CFrame.new(0.011060, -0.084953, -0.091971, 1.000000, -0.000000, 0.000000, 0.000000, 1.000000, 0.000002, -0.000000, -0.000002, 1.000000),
      ["LeftUpperArm"] = CFrame.new(-0.288739, -0.135204, -0.507590, 0.641045, -0.532551, -0.552676, 0.124466, -0.638430, 0.759549, -0.757344, -0.555695, -0.342978),
      ["LeftUpperLeg"] = CFrame.new(-0.000873, -0.096800, -0.060895, 0.960708, 0.168363, 0.220657, -0.146341, 0.982788, -0.112752, -0.235850, 0.076036, 0.968812),
      ["LowerTorso"] = CFrame.new(-0.101855, 0.688553, 0.670233, 0.999442, 0.014561, -0.030047, -0.030815, 0.748753, -0.662133, 0.012857, 0.662689, 0.748784),
      ["RightFoot"] = CFrame.new(-0.000000, -0.007566, -0.000102, 0.985934, -0.008221, -0.166921, 0.093404, 0.855329, 0.509636, 0.138600, -0.518020, 0.844043),
      ["RightHand"] = CFrame.new(-0.000500, 0.000000, -0.000000, 0.999996, -0.000477, 0.002773, 0.000562, 0.999536, -0.030468, -0.002757, 0.030470, 0.999532),
      ["RightLowerArm"] = CFrame.new(-0.015257, -0.029405, -0.004793, 1.000000, 0.000000, 0.000000, 0.000000, 0.987686, -0.156449, -0.000000, 0.156448, 0.987686),
      ["RightLowerLeg"] = CFrame.new(0.015313, -0.084155, -0.174074, 1.000000, 0.000000, -0.000000, -0.000000, 0.835253, 0.549841, 0.000000, -0.549866, 0.835269),
      ["RightUpperArm"] = CFrame.new(0.122251, 0.078470, -0.369354, 0.631842, 0.571369, 0.523748, -0.028724, -0.657995, 0.752475, 0.774565, -0.490489, -0.399337),
      ["RightUpperLeg"] = CFrame.new(-0.016706, -0.065683, -0.092414, 0.979868, -0.103942, 0.170434, 0.155613, 0.932489, -0.325940, -0.125076, 0.345921, 0.929901),
      ["UpperTorso"] = CFrame.new(-0.027477, -0.044623, -0.027101, 0.999396, -0.006822, 0.034069, -0.006298, 0.928729, 0.370707, -0.034169, -0.370698, 0.928125)
    }},
    {Time = 0.167, Data = {
      ["Head"] = CFrame.new(-0.000402, 0.066937, -0.073554, 0.999671, 0.013079, -0.022075, -0.001780, 0.893600, 0.448861, 0.025597, -0.448674, 0.893329),
      ["LeftFoot"] = CFrame.new(0.000000, 0.119804, 0.000000, 0.941865, -0.322410, -0.094546, 0.335798, 0.893755, 0.297411, -0.011381, -0.311857, 0.950057),
      ["LeftHand"] = CFrame.new(0.000500, 0.000100, -0.000001, 0.998873, 0.030071, 0.036718, -0.031202, 0.999044, 0.030634, -0.035761, -0.031744, 0.998856),
      ["LeftLowerArm"] = CFrame.new(0.009920, -0.029908, 0.007118, 1.000000, -0.000000, -0.000000, 0.000000, 0.997751, -0.067024, 0.000000, 0.067024, 0.997751),
      ["LeftLowerLeg"] = CFrame.new(0.011063, -0.085169, -0.091992, 1.000000, 0.000000, 0.000000, -0.000000, 1.000000, 0.000002, -0.000000, -0.000002, 1.000000),
      ["LeftUpperArm"] = CFrame.new(-0.289772, -0.134805, -0.507535, 0.641045, -0.532551, -0.552676, 0.124466, -0.638430, 0.759549, -0.757344, -0.555695, -0.342978),
      ["LeftUpperLeg"] = CFrame.new(-0.000908, -0.096661, -0.060862, 0.960738, 0.168310, 0.220566, -0.146271, 0.982788, -0.112844, -0.235770, 0.076156, 0.968822),
      ["LowerTorso"] = CFrame.new(-0.101855, 0.689091, 0.670233, 0.999442, 0.014561, -0.030047, -0.030815, 0.748753, -0.662133, 0.012857, 0.662689, 0.748784),
      ["RightFoot"] = CFrame.new(-0.000000, -0.007584, -0.000102, 0.985926, -0.008258, -0.166964, 0.093447, 0.855369, 0.509561, 0.138625, -0.517953, 0.844080),
      ["RightHand"] = CFrame.new(-0.000500, 0.000000, 0.000000, 0.999996, 0.000197, 0.002893, -0.000108, 0.999529, -0.030695, -0.002898, 0.030695, 0.999525),
      ["RightLowerArm"] = CFrame.new(-0.016072, -0.030153, -0.005302, 1.000000, 0.000000, 0.000000, 0.000000, 0.987702, -0.156346, -0.000000, 0.156346, 0.987702),
      ["RightLowerLeg"] = CFrame.new(0.015314, -0.084294, -0.173998, 1.000000, 0.000000, 0.000000, -0.000000, 0.836035, 0.548650, 0.000000, -0.548676, 0.836052),
      ["RightUpperArm"] = CFrame.new(0.122270, 0.078091, -0.370408, 0.631842, 0.571369, 0.523748, -0.028724, -0.657995, 0.752475, 0.774565, -0.490489, -0.399337),
      ["RightUpperLeg"] = CFrame.new(-0.016703, -0.065553, -0.092267, 0.979887, -0.104031, 0.170267, 0.155546, 0.932741, -0.325250, -0.125006, 0.345214, 0.930173),
      ["UpperTorso"] = CFrame.new(-0.027488, -0.044353, -0.027339, 0.999396, -0.006822, 0.034069, -0.006298, 0.928728, 0.370708, -0.034169, -0.370699, 0.928124)
    }},
    {Time = 0.183, Data = {
      ["Head"] = CFrame.new(-0.000402, 0.066937, -0.073554, 0.999671, 0.013079, -0.022075, -0.001780, 0.893600, 0.448861, 0.025597, -0.448674, 0.893329),
      ["LeftFoot"] = CFrame.new(0.000000, 0.119581, 0.000000, 0.941909, -0.322305, -0.094468, 0.335670, 0.893698, 0.297727, -0.011527, -0.312129, 0.949966),
      ["LeftHand"] = CFrame.new(0.000500, 0.000101, 0.000000, 0.998912, 0.029315, 0.036268, -0.030421, 0.999077, 0.030317, -0.035346, -0.031387, 0.998882),
      ["LeftLowerArm"] = CFrame.new(0.010774, -0.030663, 0.006387, 1.000000, -0.000000, -0.000000, 0.000000, 0.997761, -0.066884, 0.000000, 0.066884, 0.997761),
      ["LeftLowerLeg"] = CFrame.new(0.011066, -0.085406, -0.092015, 1.000000, -0.000000, 0.000000, 0.000000, 1.000000, 0.000001, 0.000000, -0.000002, 1.000000),
      ["LeftUpperArm"] = CFrame.new(-0.290899, -0.134369, -0.507476, 0.641045, -0.532551, -0.552676, 0.124466, -0.638430, 0.759549, -0.757344, -0.555695, -0.342978),
      ["LeftUpperLeg"] = CFrame.new(-0.000946, -0.096509, -0.060825, 0.960771, 0.168251, 0.220465, -0.146194, 0.982788, -0.112945, -0.235681, 0.076289, 0.968834),
      ["LowerTorso"] = CFrame.new(-0.101855, 0.689685, 0.670233, 0.999442, 0.014561, -0.030047, -0.030815, 0.748753, -0.662133, 0.012857, 0.662689, 0.748784),
      ["RightFoot"] = CFrame.new(-0.000000, -0.007604, -0.000102, 0.985918, -0.008300, -0.167011, 0.093494, 0.855413, 0.509478, 0.138652, -0.517880, 0.844121),
      ["RightHand"] = CFrame.new(-0.000500, 0.000000, -0.000000, 0.999995, 0.000939, 0.003025, -0.000845, 0.999521, -0.030944, -0.003053, 0.030942, 0.999517),
      ["RightLowerArm"] = CFrame.new(-0.016963, -0.030969, -0.005859, 1.000000, 0.000000, 0.000000, 0.000000, 0.987720, -0.156234, -0.000000, 0.156234, 0.987720),
      ["RightLowerLeg"] = CFrame.new(0.015314, -0.084447, -0.173916, 1.000000, 0.000000, 0.000000, -0.000000, 0.836895, 0.547338, 0.000000, -0.547364, 0.836911),
      ["RightUpperArm"] = CFrame.new(0.122291, 0.077678, -0.371560, 0.631842, 0.571369, 0.523748, -0.028724, -0.657995, 0.752475, 0.774565, -0.490489, -0.399337),
      ["RightUpperLeg"] = CFrame.new(-0.016700, -0.065409, -0.092106, 0.979909, -0.104129, 0.170083, 0.155472, 0.933017, -0.324491, -0.124929, 0.344436, 0.930472),
      ["UpperTorso"] = CFrame.new(-0.027501, -0.044057, -0.027601, 0.999396, -0.006822, 0.034069, -0.006298, 0.928728, 0.370709, -0.034169, -0.370700, 0.928124)
    }},
    {Time = 0.200, Data = {
      ["Head"] = CFrame.new(-0.000402, 0.066937, -0.073554, 0.999671, 0.013079, -0.022075, -0.001780, 0.893600, 0.448861, 0.025597, -0.448674, 0.893329),
      ["LeftFoot"] = CFrame.new(0.000000, 0.119339, 0.000000, 0.941957, -0.322190, -0.094382, 0.335530, 0.893635, 0.298071, -0.011686, -0.312425, 0.949866),
      ["LeftHand"] = CFrame.new(0.000500, 0.000100, 0.000001, 0.998954, 0.028491, 0.035778, -0.029569, 0.999113, 0.029972, -0.034892, -0.030997, 0.998910),
      ["LeftLowerArm"] = CFrame.new(0.011698, -0.031479, 0.005594, 1.000000, -0.000000, -0.000000, 0.000000, 0.997771, -0.066732, 0.000000, 0.066731, 0.997771),
      ["LeftLowerLeg"] = CFrame.new(0.011069, -0.085665, -0.092039, 1.000000, -0.000000, 0.000000, -0.000000, 1.000000, 0.000002, -0.000000, -0.000002, 1.000000),
      ["LeftUpperArm"] = CFrame.new(-0.292119, -0.133897, -0.507410, 0.641045, -0.532550, -0.552676, 0.124466, -0.638430, 0.759549, -0.757344, -0.555695, -0.342978),
      ["LeftUpperLeg"] = CFrame.new(-0.000988, -0.096342, -0.060784, 0.960808, 0.168186, 0.220356, -0.146110, 0.982787, -0.113056, -0.235585, 0.076434, 0.968846),
      ["LowerTorso"] = CFrame.new(-0.101855, 0.690332, 0.670233, 0.999442, 0.014561, -0.030047, -0.030815, 0.748753, -0.662133, 0.012857, 0.662689, 0.748784),
      ["RightFoot"] = CFrame.new(0.000000, -0.007626, -0.000102, 0.985909, -0.008346, -0.167061, 0.093547, 0.855460, 0.509389, 0.138680, -0.517801, 0.844164),
      ["RightHand"] = CFrame.new(-0.000500, 0.000000, -0.000000, 0.999993, 0.001748, 0.003169, -0.001648, 0.999511, -0.031217, -0.003222, 0.031212, 0.999508),
      ["RightLowerArm"] = CFrame.new(-0.017926, -0.031853, -0.006461, 1.000000, -0.000000, 0.000000, 0.000000, 0.987740, -0.156111, -0.000000, 0.156111, 0.987740),
      ["RightLowerLeg"] = CFrame.new(0.015314, -0.084614, -0.173825, 1.000000, 0.000000, -0.000000, -0.000000, 0.837831, 0.545904, 0.000000, -0.545929, 0.837848),
      ["RightUpperArm"] = CFrame.new(0.122314, 0.077230, -0.372806, 0.631842, 0.571369, 0.523748, -0.028724, -0.657995, 0.752475, 0.774565, -0.490489, -0.399337),
      ["RightUpperLeg"] = CFrame.new(-0.016697, -0.065254, -0.091930, 0.979932, -0.104235, 0.169882, 0.155391, 0.933319, -0.323662, -0.124844, 0.343586, 0.930797),
      ["UpperTorso"] = CFrame.new(-0.027514, -0.043735, -0.027886, 0.999396, -0.006822, 0.034069, -0.006298, 0.928727, 0.370710, -0.034169, -0.370701, 0.928124)
    }},
    {Time = 0.217, Data = {
      ["Head"] = CFrame.new(-0.000402, 0.066937, -0.073554, 0.999671, 0.013079, -0.022075, -0.001780, 0.893600, 0.448861, 0.025597, -0.448674, 0.893329),
      ["LeftFoot"] = CFrame.new(0.000000, 0.119076, 0.000000, 0.942009, -0.322066, -0.094290, 0.335379, 0.893568, 0.298444, -0.011858, -0.312747, 0.949758),
      ["LeftHand"] = CFrame.new(0.000500, 0.000100, -0.000000, 0.998997, 0.027599, 0.035249, -0.028648, 0.999151, 0.029598, -0.034402, -0.030577, 0.998940),
      ["LeftLowerArm"] = CFrame.new(0.012690, -0.032356, 0.004745, 1.000000, -0.000000, -0.000000, 0.000000, 0.997782, -0.066566, 0.000000, 0.066566, 0.997782),
      ["LeftLowerLeg"] = CFrame.new(0.011072, -0.085945, -0.092066, 1.000000, 0.000000, -0.000000, -0.000000, 1.000000, 0.000002, -0.000000, -0.000001, 1.000000),
      ["LeftUpperArm"] = CFrame.new(-0.293428, -0.133389, -0.507341, 0.641045, -0.532551, -0.552676, 0.124466, -0.638430, 0.759549, -0.757344, -0.555695, -0.342978),
      ["LeftUpperLeg"] = CFrame.new(-0.001032, -0.096162, -0.060741, 0.960847, 0.168116, 0.220237, -0.146019, 0.982787, -0.113176, -0.235480, 0.076591, 0.968858),
      ["LowerTorso"] = CFrame.new(-0.101855, 0.691032, 0.670233, 0.999442, 0.014561, -0.030047, -0.030815, 0.748753, -0.662133, 0.012857, 0.662689, 0.748784),
      ["RightFoot"] = CFrame.new(-0.000000, -0.007649, -0.000102, 0.985899, -0.008395, -0.167117, 0.093603, 0.855511, 0.509293, 0.138712, -0.517716, 0.844211),
      ["RightHand"] = CFrame.new(-0.000500, 0.000000, -0.000000, 0.999991, 0.002624, 0.003324, -0.002518, 0.999500, -0.031511, -0.003405, 0.031503, 0.999498),
      ["RightLowerArm"] = CFrame.new(-0.018960, -0.032801, -0.007109, 1.000000, 0.000000, 0.000000, 0.000000, 0.987760, -0.155978, -0.000000, 0.155978, 0.987760),
      ["RightLowerLeg"] = CFrame.new(0.015315, -0.084796, -0.173728, 1.000000, 0.000000, 0.000000, -0.000000, 0.838841, 0.544351, 0.000000, -0.544377, 0.838858),
      ["RightUpperArm"] = CFrame.new(0.122338, 0.076750, -0.374144, 0.631842, 0.571369, 0.523748, -0.028724, -0.657995, 0.752475, 0.774565, -0.490489, -0.399336),
      ["RightUpperLeg"] = CFrame.new(-0.016694, -0.065085, -0.091739, 0.979958, -0.104350, 0.169666, 0.155304, 0.933643, -0.322766, -0.124753, 0.342668, 0.931148),
      ["UpperTorso"] = CFrame.new(-0.027528, -0.043388, -0.028193, 0.999396, -0.006822, 0.034069, -0.006298, 0.928727, 0.370712, -0.034169, -0.370702, 0.928123)
    }},
    {Time = 0.233, Data = {
      ["Head"] = CFrame.new(-0.000402, 0.066938, -0.073554, 0.999671, 0.013079, -0.022075, -0.001780, 0.893600, 0.448861, 0.025597, -0.448674, 0.893329),
      ["LeftFoot"] = CFrame.new(-0.000000, 0.118793, 0.000000, 0.942064, -0.321932, -0.094191, 0.335217, 0.893495, 0.298845, -0.012042, -0.313093, 0.949642),
      ["LeftHand"] = CFrame.new(0.000500, 0.000100, -0.000000, 0.999043, 0.026640, 0.034679, -0.027657, 0.999191, 0.029195, -0.033873, -0.030125, 0.998972),
      ["LeftLowerArm"] = CFrame.new(0.013748, -0.033291, 0.003838, 1.000000, -0.000000, -0.000000, 0.000000, 0.997794, -0.066389, 0.000000, 0.066388, 0.997794),
      ["LeftLowerLeg"] = CFrame.new(0.011076, -0.086246, -0.092096, 1.000000, 0.000000, -0.000000, 0.000000, 1.000000, 0.000002, 0.000000, -0.000002, 1.000000),
      ["LeftUpperArm"] = CFrame.new(-0.294824, -0.132846, -0.507266, 0.641045, -0.532551, -0.552676, 0.124466, -0.638430, 0.759549, -0.757344, -0.555695, -0.342978),
      ["LeftUpperLeg"] = CFrame.new(-0.001081, -0.095968, -0.060694, 0.960890, 0.168042, 0.220110, -0.145922, 0.982787, -0.113305, -0.235368, 0.076760, 0.968872),
      ["LowerTorso"] = CFrame.new(-0.101855, 0.691786, 0.670233, 0.999442, 0.014561, -0.030047, -0.030815, 0.748753, -0.662133, 0.012857, 0.662689, 0.748784),
      ["RightFoot"] = CFrame.new(-0.000000, -0.007675, -0.000102, 0.985889, -0.008449, -0.167175, 0.093664, 0.855565, 0.509191, 0.138745, -0.517626, 0.844261),
      ["RightHand"] = CFrame.new(-0.000500, 0.000000, 0.000001, 0.999988, 0.003565, 0.003490, -0.003452, 0.999487, -0.031828, -0.003602, 0.031816, 0.999487),
      ["RightLowerArm"] = CFrame.new(-0.020064, -0.033813, -0.007798, 1.000000, 0.000000, 0.000000, 0.000000, 0.987783, -0.155836, -0.000000, 0.155835, 0.987783),
      ["RightLowerLeg"] = CFrame.new(0.015315, -0.084992, -0.173624, 1.000000, 0.000000, 0.000000, -0.000000, 0.839926, 0.542675, 0.000000, -0.542701, 0.839943),
      ["RightUpperArm"] = CFrame.new(0.122363, 0.076238, -0.375571, 0.631842, 0.571369, 0.523748, -0.028724, -0.657995, 0.752475, 0.774565, -0.490489, -0.399337),
      ["RightUpperLeg"] = CFrame.new(-0.016691, -0.064903, -0.091534, 0.979985, -0.104474, 0.169431, 0.155211, 0.933992, -0.321800, -0.124654, 0.341678, 0.931524),
      ["UpperTorso"] = CFrame.new(-0.027543, -0.043015, -0.028522, 0.999396, -0.006822, 0.034068, -0.006298, 0.928726, 0.370713, -0.034169, -0.370704, 0.928122)
    }},
    {Time = 0.250, Data = {
      ["Head"] = CFrame.new(-0.000402, 0.066938, -0.073554, 0.999671, 0.013079, -0.022075, -0.001780, 0.893600, 0.448861, 0.025597, -0.448674, 0.893329),
      ["LeftFoot"] = CFrame.new(-0.000000, 0.118491, -0.000000, 0.942123, -0.321790, -0.094086, 0.335043, 0.893416, 0.299273, -0.012239, -0.313463, 0.949517),
      ["LeftHand"] = CFrame.new(0.000500, 0.000100, -0.000000, 0.999091, 0.025613, 0.034071, -0.026598, 0.999232, 0.028763, -0.033308, -0.029642, 0.999005),
      ["LeftLowerArm"] = CFrame.new(0.014869, -0.034283, 0.002877, 1.000000, -0.000000, -0.000000, 0.000000, 0.997806, -0.066199, 0.000000, 0.066199, 0.997806),
      ["LeftLowerLeg"] = CFrame.new(0.011080, -0.086568, -0.092126, 1.000000, -0.000000, -0.000000, -0.000000, 1.000000, 0.000002, -0.000000, -0.000002, 1.000000),
      ["LeftUpperArm"] = CFrame.new(-0.296304, -0.132270, -0.507187, 0.641045, -0.532550, -0.552676, 0.124466, -0.638430, 0.759549, -0.757344, -0.555695, -0.342978),
      ["LeftUpperLeg"] = CFrame.new(-0.001133, -0.095761, -0.060643, 0.960935, 0.167961, 0.219974, -0.145817, 0.982786, -0.113443, -0.235249, 0.076940, 0.968887),
      ["LowerTorso"] = CFrame.new(-0.101855, 0.692592, 0.670233, 0.999442, 0.014561, -0.030047, -0.030815, 0.748753, -0.662133, 0.012857, 0.662689, 0.748784),
      ["RightFoot"] = CFrame.new(0.000000, -0.007702, -0.000102, 0.985878, -0.008505, -0.167238, 0.093729, 0.855622, 0.509084, 0.138780, -0.517531, 0.844313),
      ["RightHand"] = CFrame.new(-0.000500, 0.000000, 0.000000, 0.999983, 0.004572, 0.003668, -0.004452, 0.999473, -0.032168, -0.003813, 0.032151, 0.999476),
      ["RightLowerArm"] = CFrame.new(-0.021233, -0.034886, -0.008530, 1.000000, 0.000000, 0.000000, 0.000000, 0.987807, -0.155683, -0.000000, 0.155683, 0.987807),
      ["RightLowerLeg"] = CFrame.new(0.015316, -0.085201, -0.173512, 1.000000, 0.000000, 0.000000, -0.000000, 0.841084, 0.540879, 0.000000, -0.540904, 0.841101),
      ["RightUpperArm"] = CFrame.new(0.122391, 0.075695, -0.377084, 0.631842, 0.571369, 0.523748, -0.028724, -0.657995, 0.752475, 0.774565, -0.490489, -0.399337),
      ["RightUpperLeg"] = CFrame.new(-0.016687, -0.064710, -0.091314, 0.980014, -0.104606, 0.169181, 0.155112, 0.934364, -0.320767, -0.124549, 0.340619, 0.931926),
      ["UpperTorso"] = CFrame.new(-0.027560, -0.042619, -0.028873, 0.999396, -0.006822, 0.034068, -0.006298, 0.928725, 0.370715, -0.034169, -0.370705, 0.928122)
    }},
    {Time = 0.267, Data = {
      ["Head"] = CFrame.new(-0.000402, 0.066938, -0.073554, 0.999671, 0.013079, -0.022075, -0.001780, 0.893600, 0.448861, 0.025597, -0.448674, 0.893329),
      ["LeftFoot"] = CFrame.new(0.000000, 0.118170, 0.000000, 0.942186, -0.321638, -0.093973, 0.334858, 0.893333, 0.299730, -0.012449, -0.313856, 0.949385),
      ["LeftHand"] = CFrame.new(0.000500, 0.000100, -0.000000, 0.999140, 0.024521, 0.033424, -0.025471, 0.999275, 0.028303, -0.032705, -0.029129, 0.999040),
      ["LeftLowerArm"] = CFrame.new(0.016053, -0.035330, 0.001862, 1.000000, -0.000000, -0.000000, 0.000000, 0.997820, -0.065997, 0.000000, 0.065997, 0.997820),
