return {
  ["Astro's jerk leg"] = {
    {Time = 0.000, Data = {
      ["Head"] = CFrame.new(-0.001298, 0.067596, 0.002842, 0.998972, 0.044501, -0.008591, -0.039917, 0.953636, 0.298303, 0.021467, -0.297654, 0.954433),
      ["LeftFoot"] = CFrame.new(0.000000, -0.152762, 0.000005, 0.967272, -0.170246, -0.188179, 0.076599, 0.902879, -0.423026, 0.241905, 0.394747, 0.886362),
      ["LeftHand"] = CFrame.new(0.000500, 0.000100, 0.000000, 0.998674, 0.033727, 0.038897, -0.034986, 0.998870, 0.032160, -0.037768, -0.033478, 0.998726),
      ["LeftLowerArm"] = CFrame.new(0.005665, -0.027912, 0.010662, 1.000000, 0.000000, -0.000000, -0.000000, 0.998746, -0.050073, 0.000000, 0.050072, 0.998746),
      ["LeftLowerLeg"] = CFrame.new(-0.092380, -0.007119, -0.055995, 1.000000, 0.000000, 0.000000, -0.000000, 1.000000, -0.000002, 0.000000, -0.000005, 1.000000),
      ["LeftUpperArm"] = CFrame.new(-0.604526, -0.699745, -0.408426, -0.152722, -0.620530, -0.769167, -0.836702, 0.495377, -0.233518, 0.525933, 0.607901, -0.594854),
      ["LeftUpperLeg"] = CFrame.new(0.343849, -0.471146, -0.161291, 0.982552, 0.176159, 0.059722, -0.040632, 0.516627, -0.855247, -0.181495, 0.837893, 0.514768),
      ["LowerTorso"] = CFrame.new(-0.060021, -0.247102, 0.547708, 0.999878, -0.012634, 0.009238, 0.015650, 0.804646, -0.593548, 0.000066, 0.593620, 0.804746),
      ["RightFoot"] = CFrame.new(0.000000, 0.004691, -0.000102, 0.987803, 0.119127, 0.100306, -0.113391, 0.991669, -0.061117, -0.106713, 0.048996, 0.993078),
      ["RightHand"] = CFrame.new(-0.000500, 0.000000, 0.000000, 0.999992, -0.003397, 0.002252, 0.003462, 0.999559, -0.029487, -0.002151, 0.029495, 0.999563),
      ["RightLowerArm"] = CFrame.new(-0.011635, -0.038962, -0.003714, 1.000000, 0.000000, 0.000000, -0.000000, 0.999604, -0.028131, -0.000000, 0.028131, 0.999604),
      ["RightLowerLeg"] = CFrame.new(-0.000000, 0.069120, -0.024109, 1.000000, 0.000000, 0.000000, -0.000000, 0.758747, 0.651386, 0.000000, -0.651385, 0.758747),
      ["RightUpperArm"] = CFrame.new(-0.354435, -0.407510, 0.212909, 0.782898, 0.400517, 0.476084, 0.133453, 0.639303, -0.757286, -0.607668, 0.656412, 0.447059),
      ["RightUpperLeg"] = CFrame.new(-0.016717, -0.066244, -0.093048, 0.993477, -0.113992, 0.003800, 0.113815, 0.993075, 0.029060, -0.007112, -0.028414, 0.999570),
      ["UpperTorso"] = CFrame.new(0.066229, 0.057472, -0.310556, 0.991224, 0.012876, 0.131561, -0.096042, 0.753996, 0.649820, -0.090829, -0.656753, 0.748616)
    }},
    {Time = 0.017, Data = {
      ["Head"] = CFrame.new(-0.001298, 0.067596, 0.002842, 0.998972, 0.044504, -0.008590, -0.039919, 0.953630, 0.298324, 0.021468, -0.297674, 0.954426),
      ["LeftFoot"] = CFrame.new(0.000000, -0.143215, 0.000005, 0.966078, -0.173464, -0.191346, 0.078389, 0.902894, -0.422668, 0.246066, 0.393311, 0.885855),
      ["LeftHand"] = CFrame.new(0.000500, 0.000100, 0.000000, 0.998674, 0.033727, 0.038897, -0.034986, 0.998870, 0.032161, -0.037768, -0.033478, 0.998726),
      ["LeftLowerArm"] = CFrame.new(0.005665, -0.027912, 0.010662, 1.000000, 0.000000, -0.000000, -0.000000, 0.998746, -0.050073, 0.000000, 0.050072, 0.998746),
      ["LeftLowerLeg"] = CFrame.new(-0.091473, 0.001021, -0.055333, 1.000000, 0.000000, -0.000000, 0.000000, 1.000000, -0.000002, 0.000000, -0.000005, 1.000000),
      ["LeftUpperArm"] = CFrame.new(-0.604390, -0.704502, -0.410830, -0.152551, -0.617448, -0.771677, -0.841440, 0.490691, -0.226278, 0.518370, 0.614801, -0.594401),
      ["LeftUpperLeg"] = CFrame.new(0.343847, -0.487681, -0.186774, 0.981989, 0.177836, 0.063875, -0.037754, 0.515912, -0.855810, -0.185129, 0.837979, 0.513332),
      ["LowerTorso"] = CFrame.new(-0.060021, -0.248062, 0.547708, 0.999878, -0.012634, 0.009238, 0.015650, 0.804646, -0.593548, 0.000066, 0.593620, 0.804746),
      ["RightFoot"] = CFrame.new(-0.000000, 0.004735, -0.000102, 0.987791, 0.119184, 0.100354, -0.113353, 0.991620, -0.061976, -0.106861, 0.049842, 0.993020),
      ["RightHand"] = CFrame.new(-0.000500, 0.000000, 0.000000, 0.999992, -0.003397, 0.002252, 0.003462, 0.999559, -0.029487, -0.002151, 0.029495, 0.999563),
      ["RightLowerArm"] = CFrame.new(-0.011635, -0.038963, -0.003714, 1.000000, 0.000000, 0.000000, -0.000000, 0.999604, -0.028131, -0.000000, 0.028131, 0.999604),
      ["RightLowerLeg"] = CFrame.new(-0.000000, 0.069320, -0.024248, 1.000000, 0.000000, 0.000000, -0.000000, 0.757336, 0.653025, 0.000000, -0.653025, 0.757336),
      ["RightUpperArm"] = CFrame.new(-0.354791, -0.407907, 0.212764, 0.783091, 0.399722, 0.476434, 0.134298, 0.639321, -0.757121, -0.607233, 0.656880, 0.446965),
      ["RightUpperLeg"] = CFrame.new(-0.016717, -0.066244, -0.093048, 0.993468, -0.114061, 0.003945, 0.113890, 0.993104, 0.027766, -0.007110, -0.027111, 0.999607),
      ["UpperTorso"] = CFrame.new(0.066244, 0.058242, -0.311130, 0.991224, 0.012876, 0.131561, -0.096042, 0.753996, 0.649820, -0.090829, -0.656753, 0.748616)
    }},
    {Time = 0.033, Data = {
      ["Head"] = CFrame.new(-0.001298, 0.067596, 0.002842, 0.998972, 0.044504, -0.008590, -0.039919, 0.953630, 0.298324, 0.021468, -0.297674, 0.954426),
      ["LeftFoot"] = CFrame.new(0.000000, -0.133871, 0.000005, 0.964778, -0.176891, -0.194739, 0.079837, 0.902187, -0.423904, 0.250659, 0.393406, 0.884524),
      ["LeftHand"] = CFrame.new(0.000500, 0.000100, 0.000000, 0.998674, 0.033727, 0.038897, -0.034986, 0.998870, 0.032161, -0.037768, -0.033478, 0.998726),
      ["LeftLowerArm"] = CFrame.new(0.005666, -0.027912, 0.010662, 1.000000, -0.000000, -0.000000, -0.000000, 0.998746, -0.050073, 0.000000, 0.050072, 0.998746),
      ["LeftLowerLeg"] = CFrame.new(-0.090585, 0.008987, -0.054684, 1.000000, -0.000000, -0.000000, -0.000000, 1.000000, -0.000002, -0.000000, -0.000005, 1.000000),
      ["LeftUpperArm"] = CFrame.new(-0.604251, -0.708470, -0.413856, -0.152410, -0.614563, -0.774005, -0.845773, 0.486273, -0.219561, 0.511312, 0.621169, -0.593894),
      ["LeftUpperLeg"] = CFrame.new(0.343845, -0.500849, -0.213105, 0.981365, 0.179497, 0.068645, -0.034663, 0.516715, -0.855456, -0.189003, 0.837130, 0.513305),
      ["LowerTorso"] = CFrame.new(-0.060021, -0.248863, 0.547708, 0.999878, -0.012634, 0.009238, 0.015650, 0.804646, -0.593548, 0.000066, 0.593620, 0.804746),
      ["RightFoot"] = CFrame.new(0.000000, 0.004771, -0.000102, 0.987782, 0.119231, 0.100394, -0.113321, 0.991579, -0.062692, -0.106985, 0.050547, 0.992971),
      ["RightHand"] = CFrame.new(-0.000500, 0.000000, -0.000000, 0.999992, -0.003397, 0.002252, 0.003462, 0.999559, -0.029487, -0.002151, 0.029495, 0.999563),
      ["RightLowerArm"] = CFrame.new(-0.011635, -0.038962, -0.003714, 1.000000, 0.000000, 0.000000, -0.000000, 0.999604, -0.028131, -0.000000, 0.028131, 0.999604),
      ["RightLowerLeg"] = CFrame.new(0.000000, 0.069487, -0.024364, 1.000000, 0.000000, 0.000000, -0.000000, 0.756159, 0.654388, 0.000000, -0.654388, 0.756159),
      ["RightUpperArm"] = CFrame.new(-0.355037, -0.409225, 0.212409, 0.783244, 0.397272, 0.478230, 0.137434, 0.639546, -0.756368, -0.606334, 0.658146, 0.446322),
      ["RightUpperLeg"] = CFrame.new(-0.016717, -0.066244, -0.093048, 0.993461, -0.114119, 0.004066, 0.113952, 0.993126, 0.026688, -0.007109, -0.026025, 0.999636),
      ["UpperTorso"] = CFrame.new(0.066212, 0.056590, -0.309912, 0.991224, 0.012876, 0.131561, -0.096042, 0.753996, 0.649820, -0.090829, -0.656753, 0.748616)
    }},
    {Time = 0.050, Data = {
      ["Head"] = CFrame.new(-0.001298, 0.067596, 0.002842, 0.998972, 0.044504, -0.008590, -0.039919, 0.953630, 0.298324, 0.021468, -0.297674, 0.954426),
      ["LeftFoot"] = CFrame.new(0.000000, -0.124853, 0.000005, 0.963389, -0.180478, -0.198289, 0.080973, 0.900873, -0.426476, 0.255586, 0.394786, 0.882496),
      ["LeftHand"] = CFrame.new(0.000500, 0.000100, 0.000000, 0.998674, 0.033726, 0.038897, -0.034986, 0.998870, 0.032161, -0.037768, -0.033478, 0.998726),
      ["LeftLowerArm"] = CFrame.new(0.005665, -0.027912, 0.010662, 1.000000, 0.000000, -0.000000, -0.000000, 0.998746, -0.050073, 0.000000, 0.050072, 0.998746),
      ["LeftLowerLeg"] = CFrame.new(-0.089729, 0.016674, -0.054059, 1.000000, 0.000000, -0.000000, 0.000000, 1.000000, -0.000002, 0.000000, -0.000005, 1.000000),
      ["LeftUpperArm"] = CFrame.new(-0.604141, -0.711992, -0.416852, -0.152294, -0.611890, -0.776143, -0.849702, 0.482154, -0.213389, 0.504790, 0.626992, -0.593353),
      ["LeftUpperLeg"] = CFrame.new(0.343844, -0.511018, -0.239700, 0.980684, 0.181119, 0.073906, -0.031422, 0.518794, -0.854322, -0.193058, 0.835493, 0.514462),
      ["LowerTorso"] = CFrame.new(-0.060021, -0.249518, 0.547708, 0.999878, -0.012634, 0.009238, 0.015650, 0.804646, -0.593548, 0.000066, 0.593620, 0.804746),
      ["RightFoot"] = CFrame.new(-0.000000, 0.004801, -0.000102, 0.987774, 0.119270, 0.100426, -0.113296, 0.991545, -0.063276, -0.107086, 0.051122, 0.992930),
      ["RightHand"] = CFrame.new(-0.000500, 0.000000, 0.000000, 0.999992, -0.003397, 0.002252, 0.003462, 0.999559, -0.029487, -0.002151, 0.029495, 0.999563),
      ["RightLowerArm"] = CFrame.new(-0.011635, -0.038963, -0.003714, 1.000000, 0.000000, 0.000000, -0.000000, 0.999604, -0.028131, -0.000000, 0.028131, 0.999604),
      ["RightLowerLeg"] = CFrame.new(-0.000000, 0.069622, -0.024459, 1.000000, 0.000000, 0.000000, -0.000000, 0.755195, 0.655501, 0.000000, -0.655500, 0.755195),
      ["RightUpperArm"] = CFrame.new(-0.355222, -0.412192, 0.211631, 0.783377, 0.391862, 0.482455, 0.144454, 0.640179, -0.754523, -0.604527, 0.660769, 0.444895),
      ["RightUpperLeg"] = CFrame.new(-0.016717, -0.066244, -0.093048, 0.993455, -0.114166, 0.004165, 0.114003, 0.993144, 0.025806, -0.007108, -0.025138, 0.999658),
      ["UpperTorso"] = CFrame.new(0.066100, 0.050823, -0.305658, 0.991224, 0.012876, 0.131561, -0.096042, 0.753996, 0.649820, -0.090829, -0.656753, 0.748616)
    }},
    {Time = 0.067, Data = {
      ["Head"] = CFrame.new(-0.001298, 0.067596, 0.002842, 0.998972, 0.044504, -0.008590, -0.039919, 0.953630, 0.298324, 0.021468, -0.297674, 0.954426),
      ["LeftFoot"] = CFrame.new(-0.000000, -0.116288, 0.000005, 0.961933, -0.184168, -0.201933, 0.081828, 0.899068, -0.430107, 0.260746, 0.397190, 0.879904),
      ["LeftHand"] = CFrame.new(0.000500, 0.000100, 0.000000, 0.998674, 0.033727, 0.038897, -0.034986, 0.998870, 0.032161, -0.037768, -0.033478, 0.998726),
      ["LeftLowerArm"] = CFrame.new(0.005665, -0.027912, 0.010662, 1.000000, -0.000000, -0.000000, 0.000000, 0.998746, -0.050073, 0.000000, 0.050072, 0.998746),
      ["LeftLowerLeg"] = CFrame.new(-0.088916, 0.023970, -0.053466, 1.000000, -0.000000, 0.000000, -0.000000, 1.000000, -0.000002, 0.000000, -0.000005, 1.000000),
      ["LeftUpperArm"] = CFrame.new(-0.604056, -0.715083, -0.419766, -0.152200, -0.609441, -0.778085, -0.853228, 0.478361, -0.207781, 0.498836, 0.632260, -0.592799),
      ["LeftUpperLeg"] = CFrame.new(0.343843, -0.518555, -0.265975, 0.979955, 0.182678, 0.079526, -0.028092, 0.521890, -0.852551, -0.197228, 0.833222, 0.516559),
      ["LowerTorso"] = CFrame.new(-0.060021, -0.250043, 0.547708, 0.999878, -0.012634, 0.009238, 0.015650, 0.804646, -0.593548, 0.000066, 0.593620, 0.804746),
      ["RightFoot"] = CFrame.new(0.000000, 0.004824, -0.000102, 0.987767, 0.119301, 0.100453, -0.113275, 0.991517, -0.063743, -0.107167, 0.051583, 0.992898),
      ["RightHand"] = CFrame.new(-0.000500, -0.000000, -0.000000, 0.999992, -0.003397, 0.002252, 0.003462, 0.999559, -0.029487, -0.002151, 0.029495, 0.999563),
      ["RightLowerArm"] = CFrame.new(-0.011635, -0.038962, -0.003714, 1.000000, -0.000000, 0.000000, -0.000000, 0.999604, -0.028131, -0.000000, 0.028131, 0.999604),
      ["RightLowerLeg"] = CFrame.new(-0.000000, 0.069731, -0.024536, 1.000000, 0.000000, 0.000000, -0.000000, 0.754422, 0.656390, 0.000000, -0.656389, 0.754422),
      ["RightUpperArm"] = CFrame.new(-0.355274, -0.416406, 0.210570, 0.783336, 0.384044, 0.488768, 0.154435, 0.641412, -0.751492, -0.602108, 0.664154, 0.443132),
      ["RightUpperLeg"] = CFrame.new(-0.016717, -0.066244, -0.093048, 0.993450, -0.114204, 0.004245, 0.114044, 0.993157, 0.025101, -0.007108, -0.024428, 0.999676),
      ["UpperTorso"] = CFrame.new(0.065925, 0.041840, -0.299031, 0.991224, 0.012876, 0.131561, -0.096042, 0.753996, 0.649820, -0.090829, -0.656753, 0.748616)
    }},
    {Time = 0.083, Data = {
      ["Head"] = CFrame.new(-0.001298, 0.067596, 0.002842, 0.998972, 0.044504, -0.008590, -0.039919, 0.953630, 0.298324, 0.021468, -0.297674, 0.954426),
      ["LeftFoot"] = CFrame.new(-0.000000, -0.108308, 0.000005, 0.960430, -0.187901, -0.205618, 0.082434, 0.896895, -0.434505, 0.266045, 0.400341, 0.876885),
      ["LeftHand"] = CFrame.new(0.000500, 0.000100, 0.000000, 0.998674, 0.033727, 0.038897, -0.034986, 0.998870, 0.032161, -0.037768, -0.033478, 0.998726),
      ["LeftLowerArm"] = CFrame.new(0.005666, -0.027912, 0.010662, 1.000000, 0.000000, -0.000000, -0.000000, 0.998746, -0.050073, 0.000000, 0.050072, 0.998746),
      ["LeftLowerLeg"] = CFrame.new(-0.088158, 0.030767, -0.052913, 1.000000, 0.000000, -0.000000, -0.000000, 1.000000, -0.000002, 0.000000, -0.000005, 1.000000),
      ["LeftUpperArm"] = CFrame.new(-0.603993, -0.717762, -0.422546, -0.152124, -0.607232, -0.779825, -0.856351, 0.474922, -0.202759, 0.493478, 0.636960, -0.592251),
      ["LeftUpperLeg"] = CFrame.new(0.343842, -0.523828, -0.291346, 0.979188, 0.184145, 0.085382, -0.024717, 0.525732, -0.850292, -0.201447, 0.830480, 0.519339),
      ["LowerTorso"] = CFrame.new(-0.060021, -0.250451, 0.547708, 0.999878, -0.012634, 0.009238, 0.015650, 0.804646, -0.593548, 0.000066, 0.593620, 0.804746),
      ["RightFoot"] = CFrame.new(0.000000, 0.004843, -0.000102, 0.987762, 0.119325, 0.100473, -0.113259, 0.991496, -0.064106, -0.107230, 0.051940, 0.992872),
      ["RightHand"] = CFrame.new(-0.000500, 0.000000, -0.000000, 0.999992, -0.003397, 0.002252, 0.003462, 0.999559, -0.029487, -0.002151, 0.029495, 0.999563),
      ["RightLowerArm"] = CFrame.new(-0.011635, -0.038962, -0.003714, 1.000000, 0.000000, 0.000000, -0.000000, 0.999604, -0.028131, -0.000000, 0.028131, 0.999604),
      ["RightLowerLeg"] = CFrame.new(-0.000000, 0.069815, -0.024595, 1.000000, 0.000000, 0.000000, -0.000000, 0.753821, 0.657080, 0.000000, -0.657079, 0.753821),
      ["RightUpperArm"] = CFrame.new(-0.355123, -0.421467, 0.209374, 0.782961, 0.374361, 0.496815, 0.166458, 0.643441, -0.747178, -0.599386, 0.667711, 0.441474),
      ["RightUpperLeg"] = CFrame.new(-0.016717, -0.066244, -0.093048, 0.993447, -0.114234, 0.004307, 0.114076, 0.993167, 0.024552, -0.007107, -0.023875, 0.999689),
      ["UpperTorso"] = CFrame.new(0.065705, 0.030542, -0.290697, 0.991224, 0.012876, 0.131561, -0.096042, 0.753996, 0.649820, -0.090829, -0.656753, 0.748616)
    }},
    {Time = 0.100, Data = {
      ["Head"] = CFrame.new(-0.001298, 0.067596, 0.002842, 0.998972, 0.044504, -0.008590, -0.039919, 0.953630, 0.298324, 0.021468, -0.297674, 0.954426),
      ["LeftFoot"] = CFrame.new(-0.000000, -0.101040, 0.000004, 0.958915, -0.191589, -0.209252, 0.082825, 0.894488, -0.439366, 0.271334, 0.403962, 0.873597),
      ["LeftHand"] = CFrame.new(0.000500, 0.000100, 0.000000, 0.998674, 0.033727, 0.038897, -0.034986, 0.998870, 0.032161, -0.037768, -0.033478, 0.998726),
      ["LeftLowerArm"] = CFrame.new(0.005666, -0.027912, 0.010662, 1.000000, -0.000000, -0.000000, 0.000000, 0.998746, -0.050073, 0.000000, 0.050072, 0.998746),
      ["LeftLowerLeg"] = CFrame.new(-0.087468, 0.036959, -0.052409, 1.000000, 0.000000, 0.000000, 0.000000, 1.000000, -0.000002, 0.000000, -0.000005, 1.000000),
      ["LeftUpperArm"] = CFrame.new(-0.603948, -0.720044, -0.425139, -0.152063, -0.605275, -0.781357, -0.859072, 0.471865, -0.198341, 0.488746, 0.641082, -0.591728),
      ["LeftUpperLeg"] = CFrame.new(0.343841, -0.527206, -0.315230, 0.978400, 0.185494, 0.091291, -0.021384, 0.530034, -0.847708, -0.205614, 0.827439, 0.522549),
      ["LowerTorso"] = CFrame.new(-0.060021, -0.250758, 0.547708, 0.999878, -0.012634, 0.009238, 0.015650, 0.804646, -0.593548, 0.000066, 0.593620, 0.804746),
      ["RightFoot"] = CFrame.new(0.000000, 0.004857, -0.000102, 0.987758, 0.119343, 0.100488, -0.113247, 0.991479, -0.064379, -0.107277, 0.052209, 0.992853),
      ["RightHand"] = CFrame.new(-0.000500, 0.000000, 0.000000, 0.999992, -0.003397, 0.002252, 0.003462, 0.999559, -0.029487, -0.002151, 0.029495, 0.999563),
      ["RightLowerArm"] = CFrame.new(-0.011635, -0.038963, -0.003714, 1.000000, 0.000000, 0.000000, -0.000000, 0.999604, -0.028131, -0.000000, 0.028131, 0.999604),
      ["RightLowerLeg"] = CFrame.new(0.000000, 0.069878, -0.024640, 1.000000, 0.000000, 0.000000, -0.000000, 0.753369, 0.657599, 0.000000, -0.657598, 0.753368),
      ["RightUpperArm"] = CFrame.new(-0.354705, -0.426981, 0.208198, 0.782114, 0.363346, 0.506239, 0.179614, 0.646473, -0.741493, -0.596688, 0.670859, 0.440353),
      ["RightUpperLeg"] = CFrame.new(-0.016717, -0.066244, -0.093048, 0.993444, -0.114256, 0.004353, 0.114100, 0.993174, 0.024140, -0.007107, -0.023460, 0.999699),
      ["UpperTorso"] = CFrame.new(0.065458, 0.017829, -0.281320, 0.991224, 0.012876, 0.131561, -0.096042, 0.753996, 0.649820, -0.090829, -0.656753, 0.748616)
    }},
    {Time = 0.117, Data = {
      ["Head"] = CFrame.new(-0.001298, 0.067596, 0.002842, 0.998972, 0.044504, -0.008590, -0.039919, 0.953630, 0.298324, 0.021468, -0.297674, 0.954426),
      ["LeftFoot"] = CFrame.new(0.000000, -0.094619, 0.000005, 0.957438, -0.195122, -0.212725, 0.083038, 0.891990, -0.444375, 0.276438, 0.407776, 0.870218),
      ["LeftHand"] = CFrame.new(0.000500, 0.000100, 0.000000, 0.998674, 0.033727, 0.038897, -0.034986, 0.998870, 0.032161, -0.037768, -0.033478, 0.998726),
      ["LeftLowerArm"] = CFrame.new(0.005665, -0.027912, 0.010662, 1.000000, -0.000000, -0.000000, 0.000000, 0.998746, -0.050073, 0.000000, 0.050072, 0.998746),
      ["LeftLowerLeg"] = CFrame.new(-0.086859, 0.042428, -0.051965, 1.000000, -0.000000, -0.000000, -0.000000, 1.000000, -0.000002, 0.000000, -0.000005, 1.000000),
      ["LeftUpperArm"] = CFrame.new(-0.603917, -0.721947, -0.427495, -0.152015, -0.603584, -0.782674, -0.861388, 0.469215, -0.194548, 0.484668, 0.644611, -0.591247),
      ["LeftUpperLeg"] = CFrame.new(0.343841, -0.529055, -0.337041, 0.977617, 0.186698, 0.097041, -0.018193, 0.534505, -0.844971, -0.209605, 0.824287, 0.525935),
      ["LowerTorso"] = CFrame.new(-0.060021, -0.250979, 0.547708, 0.999878, -0.012634, 0.009238, 0.015650, 0.804646, -0.593548, 0.000066, 0.593620, 0.804746),
      ["RightFoot"] = CFrame.new(0.000000, 0.004867, -0.000102, 0.987756, 0.119356, 0.100499, -0.113239, 0.991468, -0.064575, -0.107311, 0.052402, 0.992839),
      ["RightHand"] = CFrame.new(-0.000500, 0.000000, -0.000000, 0.999992, -0.003397, 0.002252, 0.003462, 0.999559, -0.029487, -0.002151, 0.029495, 0.999563),
      ["RightLowerArm"] = CFrame.new(-0.011635, -0.038962, -0.003714, 1.000000, 0.000000, 0.000000, -0.000000, 0.999604, -0.028132, -0.000000, 0.028131, 0.999604),
      ["RightLowerLeg"] = CFrame.new(-0.000000, 0.069924, -0.024672, 1.000000, 0.000000, 0.000000, -0.000000, 0.753044, 0.657970, 0.000000, -0.657970, 0.753044),
      ["RightUpperArm"] = CFrame.new(-0.353975, -0.432562, 0.207211, 0.780690, 0.351517, 0.516681, 0.193008, 0.650747, -0.734355, -0.594366, 0.673027, 0.440186),
      ["RightUpperLeg"] = CFrame.new(-0.016717, -0.066244, -0.093048, 0.993442, -0.114272, 0.004386, 0.114117, 0.993179, 0.023844, -0.007106, -0.023163, 0.999706),
      ["UpperTorso"] = CFrame.new(0.065201, 0.004602, -0.271563, 0.991224, 0.012876, 0.131561, -0.096042, 0.753996, 0.649820, -0.090829, -0.656753, 0.748616)
    }},
    {Time = 0.133, Data = {
      ["Head"] = CFrame.new(-0.001298, 0.067596, 0.002842, 0.998972, 0.044504, -0.008590, -0.039919, 0.953630, 0.298324, 0.021468, -0.297674, 0.954426),
      ["LeftFoot"] = CFrame.new(0.000000, -0.089124, 0.000005, 0.956057, -0.198370, -0.215908, 0.083113, 0.889558, -0.449210, 0.281154, 0.411504, 0.866945),
      ["LeftHand"] = CFrame.new(0.000500, 0.000100, -0.000000, 0.998674, 0.033726, 0.038897, -0.034986, 0.998870, 0.032161, -0.037768, -0.033478, 0.998726),
      ["LeftLowerArm"] = CFrame.new(0.005665, -0.027913, 0.010662, 1.000000, -0.000000, -0.000000, 0.000000, 0.998746, -0.050073, 0.000000, 0.050072, 0.998746),
      ["LeftLowerLeg"] = CFrame.new(-0.086337, 0.047110, -0.051584, 1.000000, 0.000000, -0.000000, 0.000000, 1.000000, -0.000002, 0.000000, -0.000005, 1.000000),
      ["LeftUpperArm"] = CFrame.new(-0.603898, -0.723485, -0.429563, -0.151976, -0.602171, -0.783768, -0.863296, 0.466998, -0.191398, 0.481272, 0.647536, -0.590825),
      ["LeftUpperLeg"] = CFrame.new(0.343841, -0.529743, -0.356196, 0.976873, 0.187732, 0.102388, -0.015264, 0.538844, -0.842268, -0.213274, 0.821221, 0.529245),
      ["LowerTorso"] = CFrame.new(-0.060021, -0.251126, 0.547708, 0.999878, -0.012634, 0.009238, 0.015650, 0.804646, -0.593548, 0.000066, 0.593620, 0.804746),
      ["RightFoot"] = CFrame.new(0.000000, 0.004874, -0.000102, 0.987754, 0.119365, 0.100507, -0.113233, 0.991460, -0.064705, -0.107334, 0.052530, 0.992830),
      ["RightHand"] = CFrame.new(-0.000500, 0.000000, -0.000000, 0.999992, -0.003397, 0.002252, 0.003462, 0.999559, -0.029487, -0.002151, 0.029495, 0.999563),
      ["RightLowerArm"] = CFrame.new(-0.011635, -0.038963, -0.003714, 1.000000, 0.000000, 0.000000, -0.000000, 0.999604, -0.028131, -0.000000, 0.028131, 0.999604),
      ["RightLowerLeg"] = CFrame.new(0.000000, 0.069954, -0.024693, 1.000000, 0.000000, 0.000000, -0.000000, 0.752828, 0.658218, 0.000000, -0.658218, 0.752827),
      ["RightUpperArm"] = CFrame.new(-0.352909, -0.437827, 0.206593, 0.778627, 0.339375, 0.527792, 0.205757, 0.656528, -0.725696, -0.592794, 0.673643, 0.441362),
      ["RightUpperLeg"] = CFrame.new(-0.016717, -0.066244, -0.093048, 0.993441, -0.114282, 0.004408, 0.114128, 0.993183, 0.023647, -0.007106, -0.022964, 0.999711),
      ["UpperTorso"] = CFrame.new(0.064951, -0.008239, -0.262090, 0.991224, 0.012876, 0.131561, -0.096042, 0.753996, 0.649820, -0.090829, -0.656753, 0.748616)
    }},
    {Time = 0.150, Data = {
      ["Head"] = CFrame.new(-0.001298, 0.067596, 0.002842, 0.998972, 0.044504, -0.008590, -0.039919, 0.953630, 0.298324, 0.021468, -0.297674, 0.954426),
      ["LeftFoot"] = CFrame.new(-0.000000, -0.084676, 0.000004, 0.954843, -0.201184, -0.218657, 0.083092, 0.887360, -0.453542, 0.285254, 0.414871, 0.863996),
      ["LeftHand"] = CFrame.new(0.000500, 0.000100, 0.000000, 0.998674, 0.033727, 0.038897, -0.034986, 0.998870, 0.032161, -0.037768, -0.033478, 0.998726),
      ["LeftLowerArm"] = CFrame.new(0.005665, -0.027912, 0.010662, 1.000000, -0.000000, -0.000000, 0.000000, 0.998746, -0.050073, 0.000000, 0.050072, 0.998746),
      ["LeftLowerLeg"] = CFrame.new(-0.085915, 0.050899, -0.051276, 1.000000, 0.000000, 0.000000, -0.000000, 1.000000, -0.000002, -0.000000, -0.000005, 1.000000),
      ["LeftUpperArm"] = CFrame.new(-0.603888, -0.724673, -0.431292, -0.151947, -0.601051, -0.784634, -0.864793, 0.465236, -0.188914, 0.478587, 0.649841, -0.590476),
      ["LeftUpperLeg"] = CFrame.new(0.343840, -0.529638, -0.372112, 0.976210, 0.188572, 0.107060, -0.012732, 0.542747, -0.839801, -0.216451, 0.818453, 0.532234),
      ["LowerTorso"] = CFrame.new(-0.060021, -0.251216, 0.547708, 0.999878, -0.012634, 0.009238, 0.015650, 0.804646, -0.593548, 0.000066, 0.593620, 0.804746),
      ["RightFoot"] = CFrame.new(0.000000, 0.004878, -0.000102, 0.987753, 0.119371, 0.100511, -0.113229, 0.991455, -0.064785, -0.107348, 0.052608, 0.992824),
      ["RightHand"] = CFrame.new(-0.000500, 0.000000, -0.000000, 0.999992, -0.003397, 0.002252, 0.003462, 0.999559, -0.029487, -0.002151, 0.029495, 0.999563),
      ["RightLowerArm"] = CFrame.new(-0.011635, -0.038963, -0.003714, 1.000000, 0.000000, 0.000000, -0.000000, 0.999604, -0.028131, -0.000000, 0.028131, 0.999604),
      ["RightLowerLeg"] = CFrame.new(0.000000, 0.069972, -0.024706, 1.000000, 0.000000, 0.000000, -0.000000, 0.752696, 0.658369, 0.000000, -0.658369, 0.752695),
      ["RightUpperArm"] = CFrame.new(-0.351504, -0.442400, 0.206529, 0.775905, 0.327407, 0.539237, 0.216987, 0.664115, -0.715450, -0.592358, 0.672128, 0.444247),
      ["RightUpperLeg"] = CFrame.new(-0.016717, -0.066244, -0.093048, 0.993440, -0.114289, 0.004422, 0.114135, 0.993185, 0.023527, -0.007106, -0.022843, 0.999713),
      ["UpperTorso"] = CFrame.new(0.064726, -0.019793, -0.253567, 0.991224, 0.012876, 0.131561, -0.096042, 0.753996, 0.649820, -0.090829, -0.656753, 0.748616)
    }},
    {Time = 0.167, Data = {
      ["Head"] = CFrame.new(-0.001298, 0.067596, 0.002842, 0.998972, 0.044504, -0.008590, -0.039919, 0.953630, 0.298324, 0.021468, -0.297674, 0.954426),
      ["LeftFoot"] = CFrame.new(0.000000, -0.081392, 0.000004, 0.953877, -0.203400, -0.220815, 0.083019, 0.885569, -0.457042, 0.288491, 0.417607, 0.861599),
      ["LeftHand"] = CFrame.new(0.000500, 0.000100, -0.000000, 0.998674, 0.033727, 0.038897, -0.034986, 0.998870, 0.032161, -0.037768, -0.033478, 0.998726),
      ["LeftLowerArm"] = CFrame.new(0.005666, -0.027912, 0.010662, 1.000000, -0.000000, -0.000000, 0.000000, 0.998746, -0.050073, 0.000000, 0.050072, 0.998746),
      ["LeftLowerLeg"] = CFrame.new(-0.085603, 0.053697, -0.051048, 1.000000, -0.000000, 0.000000, 0.000000, 1.000000, -0.000002, 0.000000, -0.000005, 1.000000),
      ["LeftUpperArm"] = CFrame.new(-0.603884, -0.725525, -0.432632, -0.151925, -0.600235, -0.785262, -0.865873, 0.463953, -0.187113, 0.476636, 0.651511, -0.590214),
      ["LeftUpperLeg"] = CFrame.new(0.343840, -0.529108, -0.384203, 0.975676, 0.189196, 0.110763, -0.010742, 0.545910, -0.837776, -0.218953, 0.816203, 0.534662),
      ["LowerTorso"] = CFrame.new(-0.060021, -0.251261, 0.547708, 0.999878, -0.012634, 0.009238, 0.015650, 0.804646, -0.593548, 0.000066, 0.593620, 0.804746),
      ["RightFoot"] = CFrame.new(-0.000000, 0.004880, -0.000102, 0.987752, 0.119373, 0.100514, -0.113228, 0.991453, -0.064825, -0.107355, 0.052648, 0.992822),
      ["RightHand"] = CFrame.new(-0.000500, 0.000000, -0.000000, 0.999992, -0.003397, 0.002252, 0.003462, 0.999559, -0.029487, -0.002151, 0.029495, 0.999563),
      ["RightLowerArm"] = CFrame.new(-0.011635, -0.038963, -0.003714, 1.000000, 0.000000, 0.000000, -0.000000, 0.999604, -0.028131, -0.000000, 0.028131, 0.999604),
      ["RightLowerLeg"] = CFrame.new(-0.000000, 0.069981, -0.024713, 1.000000, 0.000000, 0.000000, -0.000000, 0.752628, 0.658447, 0.000000, -0.658446, 0.752627),
      ["RightUpperArm"] = CFrame.new(-0.349776, -0.445900, 0.207208, 0.772543, 0.316084, 0.550698, 0.225819, 0.673822, -0.703542, -0.593450, 0.667874, 0.449178),
      ["RightUpperLeg"] = CFrame.new(-0.016717, -0.066244, -0.093048, 0.993439, -0.114292, 0.004429, 0.114139, 0.993186, 0.023465, -0.007106, -0.022781, 0.999715),
      ["UpperTorso"] = CFrame.new(0.064544, -0.029162, -0.246657, 0.991224, 0.012876, 0.131561, -0.096042, 0.753996, 0.649820, -0.090829, -0.656753, 0.748616)
    }},
    {Time = 0.183, Data = {
      ["Head"] = CFrame.new(-0.001298, 0.067596, 0.002842, 0.998972, 0.044504, -0.008590, -0.039919, 0.953630, 0.298324, 0.021468, -0.297674, 0.954426),
      ["LeftFoot"] = CFrame.new(0.000000, -0.079333, 0.000004, 0.953240, -0.204847, -0.222222, 0.082941, 0.884366, -0.459379, 0.290610, 0.419445, 0.859993),
      ["LeftHand"] = CFrame.new(0.000500, 0.000100, -0.000000, 0.998674, 0.033727, 0.038897, -0.034986, 0.998870, 0.032161, -0.037768, -0.033478, 0.998726),
      ["LeftLowerArm"] = CFrame.new(0.005666, -0.027912, 0.010662, 1.000000, -0.000000, -0.000000, 0.000000, 0.998746, -0.050073, 0.000000, 0.050072, 0.998746),
      ["LeftLowerLeg"] = CFrame.new(-0.085408, 0.055451, -0.050905, 1.000000, -0.000000, -0.000000, 0.000000, 1.000000, -0.000002, 0.000000, -0.000005, 1.000000),
      ["LeftUpperArm"] = CFrame.new(-0.603885, -0.726056, -0.433532, -0.151911, -0.599736, -0.785646, -0.866529, 0.463169, -0.186017, 0.475448, 0.652527, -0.590049),
      ["LeftUpperLeg"] = CFrame.new(0.343840, -0.528520, -0.391886, 0.975322, 0.189584, 0.113196, -0.009443, 0.548027, -0.836408, -0.220586, 0.814693, 0.536291),
      ["LowerTorso"] = CFrame.new(-0.060021, -0.251279, 0.547708, 0.999878, -0.012634, 0.009238, 0.015650, 0.804646, -0.593548, 0.000066, 0.593620, 0.804746),
      ["RightFoot"] = CFrame.new(0.000000, 0.004880, -0.000102, 0.987752, 0.119374, 0.100514, -0.113227, 0.991452, -0.064841, -0.107357, 0.052664, 0.992821),
      ["RightHand"] = CFrame.new(-0.000500, 0.000000, -0.000000, 0.999992, -0.003397, 0.002252, 0.003462, 0.999559, -0.029487, -0.002151, 0.029495, 0.999563),
      ["RightLowerArm"] = CFrame.new(-0.011635, -0.038963, -0.003714, 1.000000, 0.000000, 0.000000, -0.000000, 0.999604, -0.028131, -0.000000, 0.028131, 0.999604),
      ["RightLowerLeg"] = CFrame.new(0.000000, 0.069985, -0.024716, 1.000000, 0.000000, 0.000000, -0.000000, 0.752603, 0.658475, 0.000000, -0.658475, 0.752602),
      ["RightUpperArm"] = CFrame.new(-0.347758, -0.447937, 0.208809, 0.768590, 0.305865, 0.561885, 0.231351, 0.685970, -0.689871, -0.596444, 0.660221, 0.456467),
      ["RightUpperLeg"] = CFrame.new(-0.016717, -0.066244, -0.093048, 0.993439, -0.114293, 0.004432, 0.114140, 0.993186, 0.023442, -0.007106, -0.022758, 0.999715),
      ["UpperTorso"] = CFrame.new(0.064422, -0.035443, -0.242023, 0.991224, 0.012876, 0.131561, -0.096042, 0.753996, 0.649820, -0.090829, -0.656753, 0.748616)
    }},
    {Time = 0.200, Data = {
      ["Head"] = CFrame.new(-0.001298, 0.067596, 0.002842, 0.998972, 0.044504, -0.008590, -0.039919, 0.953630, 0.298324, 0.021468, -0.297674, 0.954426),
      ["LeftFoot"] = CFrame.new(0.000000, -0.078630, 0.000004, 0.953012, -0.205363, -0.222723, 0.082905, 0.883927, -0.460229, 0.291366, 0.420117, 0.859409),
      ["LeftHand"] = CFrame.new(0.000500, 0.000100, 0.000000, 0.998674, 0.033726, 0.038897, -0.034986, 0.998870, 0.032161, -0.037768, -0.033478, 0.998726),
      ["LeftLowerArm"] = CFrame.new(0.005665, -0.027912, 0.010662, 1.000000, -0.000000, -0.000000, 0.000000, 0.998746, -0.050073, 0.000000, 0.050072, 0.998746),
      ["LeftLowerLeg"] = CFrame.new(-0.085341, 0.056050, -0.050857, 1.000000, -0.000000, -0.000000, 0.000000, 1.000000, -0.000002, 0.000000, -0.000005, 1.000000),
      ["LeftUpperArm"] = CFrame.new(-0.603889, -0.726275, -0.433944, -0.151906, -0.599567, -0.785776, -0.866750, 0.462904, -0.185647, 0.475046, 0.652870, -0.589993),
      ["LeftUpperLeg"] = CFrame.new(0.343840, -0.528243, -0.394577, 0.975194, 0.189718, 0.114067, -0.008981, 0.548799, -0.835907, -0.221168, 0.814142, 0.536888),
      ["LowerTorso"] = CFrame.new(-0.060021, -0.251281, 0.547708, 0.999878, -0.012634, 0.009238, 0.015650, 0.804646, -0.593548, 0.000066, 0.593620, 0.804746),
      ["RightFoot"] = CFrame.new(-0.000000, 0.004880, -0.000102, 0.987752, 0.119374, 0.100515, -0.113227, 0.991452, -0.064843, -0.107358, 0.052666, 0.992820),
      ["RightHand"] = CFrame.new(-0.000500, 0.000000, -0.000000, 0.999992, -0.003397, 0.002252, 0.003462, 0.999559, -0.029487, -0.002151, 0.029495, 0.999563),
      ["RightLowerArm"] = CFrame.new(-0.011635, -0.038963, -0.003714, 1.000000, 0.000000, 0.000000, -0.000000, 0.999604, -0.028131, -0.000000, 0.028131, 0.999604),
      ["RightLowerLeg"] = CFrame.new(-0.000000, 0.069986, -0.024716, 1.000000, 0.000000, 0.000000, -0.000000, 0.752599, 0.658480, 0.000000, -0.658479, 0.752599),
      ["RightUpperArm"] = CFrame.new(-0.345488, -0.448098, 0.211493, 0.764111, 0.297208, 0.572539, 0.232635, 0.700861, -0.674295, -0.601677, 0.648429, 0.466395),
      ["RightUpperLeg"] = CFrame.new(-0.016717, -0.066244, -0.093048, 0.993439, -0.114293, 0.004432, 0.114140, 0.993186, 0.023439, -0.007106, -0.022755, 0.999715),
      ["UpperTorso"] = CFrame.new(0.064377, -0.037736, -0.240332, 0.991224, 0.012876, 0.131561, -0.096042, 0.753996, 0.649820, -0.090829, -0.656753, 0.748616)
    }},
    {Time = 0.217, Data = {
      ["Head"] = CFrame.new(-0.001298, 0.067596, 0.002842, 0.998972, 0.044504, -0.008590, -0.039919, 0.953630, 0.298324, 0.021468, -0.297674, 0.954426),
      ["LeftFoot"] = CFrame.new(-0.000000, -0.078585, 0.000004, 0.952908, -0.205601, -0.222951, 0.082764, 0.883543, -0.460992, 0.291749, 0.420808, 0.858941),
      ["LeftHand"] = CFrame.new(0.000500, 0.000100, -0.000000, 0.998674, 0.033726, 0.038897, -0.034986, 0.998870, 0.032160, -0.037768, -0.033478, 0.998726),
      ["LeftLowerArm"] = CFrame.new(0.005665, -0.027913, 0.010662, 1.000000, -0.000000, -0.000000, 0.000000, 0.998746, -0.050073, 0.000000, 0.050072, 0.998746),
      ["LeftLowerLeg"] = CFrame.new(-0.085337, 0.056089, -0.050854, 1.000000, 0.000000, -0.000000, 0.000000, 1.000000, -0.000002, 0.000000, -0.000005, 1.000000),
      ["LeftUpperArm"] = CFrame.new(-0.587773, -0.550424, -0.247142, -0.119670, -0.668561, -0.733966, -0.514982, 0.673847, -0.529834, 0.848807, 0.314574, -0.424936),
      ["LeftUpperLeg"] = CFrame.new(0.343840, -0.526860, -0.392701, 0.975135, 0.189731, 0.114548, -0.008771, 0.549515, -0.835439, -0.221437, 0.813655, 0.537514),
      ["LowerTorso"] = CFrame.new(-0.060021, -0.249709, 0.547708, 0.999878, -0.012634, 0.009238, 0.015650, 0.804646, -0.593548, 0.000066, 0.593620, 0.804746),
      ["RightFoot"] = CFrame.new(-0.000000, 0.004809, -0.000102, 0.987771, 0.119281, 0.100436, -0.113288, 0.991535, -0.063446, -0.107115, 0.051290, 0.992919),
      ["RightHand"] = CFrame.new(-0.000500, 0.000000, 0.000000, 0.999992, -0.003397, 0.002252, 0.003462, 0.999559, -0.029487, -0.002151, 0.029495, 0.999563),
      ["RightLowerArm"] = CFrame.new(-0.011635, -0.038963, -0.003714, 1.000000, 0.000000, 0.000000, -0.000000, 0.999604, -0.028131, -0.000000, 0.028131, 0.999604),
      ["RightLowerLeg"] = CFrame.new(-0.000000, 0.069662, -0.024487, 1.000000, 0.000000, 0.000000, -0.000000, 0.754914, 0.655824, 0.000000, -0.655823, 0.754914),
      ["RightUpperArm"] = CFrame.new(-0.346430, -0.421272, 0.219328, 0.766017, 0.304464, 0.566144, 0.179331, 0.744537, -0.643043, -0.617299, 0.594109, 0.515729),
      ["RightUpperLeg"] = CFrame.new(-0.016717, -0.066244, -0.093048, 0.993453, -0.114180, 0.004194, 0.114018, 0.993149, 0.025550, -0.007108, -0.024880, 0.999665),
      ["UpperTorso"] = CFrame.new(0.064377, -0.037737, -0.240331, 0.991224, 0.012876, 0.131561, -0.096042, 0.753996, 0.649820, -0.090829, -0.656753, 0.748616)
    }},
    {Time = 0.233, Data = {
      ["Head"] = CFrame.new(-0.001298, 0.067596, 0.002842, 0.998972, 0.044504, -0.008590, -0.039919, 0.953630, 0.298324, 0.021468, -0.297674, 0.954426),
      ["LeftFoot"] = CFrame.new(0.000000, -0.078459, 0.000005, 0.952605, -0.206289, -0.223608, 0.082360, 0.882440, -0.463173, 0.292850, 0.422782, 0.857596),
      ["LeftHand"] = CFrame.new(0.000500, 0.000100, -0.000000, 0.998674, 0.033727, 0.038897, -0.034986, 0.998870, 0.032161, -0.037768, -0.033478, 0.998726),
      ["LeftLowerArm"] = CFrame.new(0.005666, -0.027912, 0.010662, 1.000000, -0.000000, -0.000000, 0.000000, 0.998746, -0.050073, 0.000000, 0.050072, 0.998746),
      ["LeftLowerLeg"] = CFrame.new(-0.085325, 0.056196, -0.050845, 1.000000, -0.000000, 0.000000, 0.000000, 1.000000, -0.000002, 0.000000, -0.000005, 1.000000),
      ["LeftUpperArm"] = CFrame.new(-0.566776, -0.587968, -0.279314, -0.076778, -0.669452, -0.738877, -0.631227, 0.606275, -0.483718, 0.771788, 0.429260, -0.469125),
      ["LeftUpperLeg"] = CFrame.new(0.343841, -0.522900, -0.387334, 0.974964, 0.189769, 0.115933, -0.008165, 0.551562, -0.834095, -0.222212, 0.812260, 0.539301),
      ["LowerTorso"] = CFrame.new(-0.060021, -0.245209, 0.547708, 0.999878, -0.012634, 0.009238, 0.015650, 0.804646, -0.593548, 0.000066, 0.593620, 0.804746),
      ["RightFoot"] = CFrame.new(0.000000, 0.004605, -0.000102, 0.987826, 0.119015, 0.100212, -0.113466, 0.991764, -0.059415, -0.106420, 0.047320, 0.993191),
      ["RightHand"] = CFrame.new(-0.000500, 0.000000, 0.000000, 0.999992, -0.003397, 0.002252, 0.003462, 0.999559, -0.029487, -0.002151, 0.029495, 0.999563),
      ["RightLowerArm"] = CFrame.new(-0.011635, -0.038963, -0.003714, 1.000000, -0.000000, 0.000000, -0.000000, 0.999604, -0.028131, -0.000000, 0.028131, 0.999604),
      ["RightLowerLeg"] = CFrame.new(-0.000000, 0.068725, -0.023834, 1.000000, 0.000000, 0.000000, -0.000000, 0.761527, 0.648133, 0.000000, -0.648133, 0.761527),
      ["RightUpperArm"] = CFrame.new(-0.342223, -0.481293, 0.203380, 0.758901, 0.320065, 0.567122, 0.258110, 0.651712, -0.713198, -0.597870, 0.687627, 0.411973),
      ["RightUpperLeg"] = CFrame.new(-0.016717, -0.066244, -0.093048, 0.993493, -0.113854, 0.003513, 0.113668, 0.993014, 0.031620, -0.007114, -0.030990, 0.999494),
      ["UpperTorso"] = CFrame.new(0.064377, -0.037737, -0.240331, 0.991224, 0.012876, 0.131561, -0.096042, 0.753996, 0.649820, -0.090829, -0.656753, 0.748616)
    }},
    {Time = 0.250, Data = {
      ["Head"] = CFrame.new(-0.001298, 0.067596, 0.002842, 0.998972, 0.044504, -0.008590, -0.039919, 0.953630, 0.298324, 0.021468, -0.297674, 0.954426),
      ["LeftFoot"] = CFrame.new(0.000000, -0.078271, 0.000004, 0.952119, -0.207392, -0.224657, 0.081720, 0.880687, -0.466610, 0.294605, 0.425886, 0.855456),
      ["LeftHand"] = CFrame.new(0.000500, 0.000100, -0.000000, 0.998674, 0.033727, 0.038897, -0.034986, 0.998870, 0.032161, -0.037768, -0.033478, 0.998726),
      ["LeftLowerArm"] = CFrame.new(0.005666, -0.027913, 0.010662, 1.000000, -0.000000, -0.000000, 0.000000, 0.998746, -0.050073, 0.000000, 0.050072, 0.998746),
      ["LeftLowerLeg"] = CFrame.new(-0.085307, 0.056356, -0.050832, 1.000000, -0.000000, -0.000000, 0.000000, 1.000000, -0.000002, -0.000000, -0.000005, 1.000000),
      ["LeftUpperArm"] = CFrame.new(-0.581172, -0.424908, -0.183589, -0.110848, -0.611737, -0.783256, -0.245762, 0.780509, -0.574811, 0.962971, 0.128779, -0.236860),
      ["LeftUpperLeg"] = CFrame.new(0.343842, -0.516652, -0.378863, 0.974688, 0.189826, 0.118140, -0.007198, 0.554786, -0.831963, -0.223453, 0.810048, 0.542108),
      ["LowerTorso"] = CFrame.new(-0.060021, -0.238106, 0.547708, 0.999878, -0.012634, 0.009238, 0.015650, 0.804646, -0.593548, 0.000066, 0.593620, 0.804746),
      ["RightFoot"] = CFrame.new(0.000000, 0.004279, -0.000102, 0.987912, 0.118598, 0.099861, -0.113751, 0.992098, -0.052951, -0.105313, 0.040951, 0.993591),
      ["RightHand"] = CFrame.new(-0.000500, 0.000000, -0.000000, 0.999992, -0.003397, 0.002252, 0.003462, 0.999559, -0.029487, -0.002151, 0.029495, 0.999563),
      ["RightLowerArm"] = CFrame.new(-0.011635, -0.038963, -0.003714, 1.000000, 0.000000, 0.000000, -0.000000, 0.999604, -0.028131, -0.000000, 0.028131, 0.999604),
      ["RightLowerLeg"] = CFrame.new(-0.000000, 0.067214, -0.022806, 1.000000, 0.000000, 0.000000, -0.000000, 0.771927, 0.635710, 0.000000, -0.635711, 0.771928),
      ["RightUpperArm"] = CFrame.new(-0.335670, -0.297848, 0.237808, 0.747563, 0.378424, 0.545843, -0.060188, 0.857033, -0.511735, -0.661458, 0.349700, 0.663463),
      ["RightUpperLeg"] = CFrame.new(-0.016717, -0.066244, -0.093048, 0.993556, -0.113335, 0.002437, 0.113120, 0.992722, 0.041289, -0.007124, -0.040723, 0.999144),
      ["UpperTorso"] = CFrame.new(0.064377, -0.037737, -0.240331, 0.991224, 0.012876, 0.131561, -0.096042, 0.753996, 0.649820, -0.090829, -0.656753, 0.748616)
    }},
    {Time = 0.267, Data = {
      ["Head"] = CFrame.new(-0.001298, 0.067596, 0.002842, 0.998972, 0.044504, -0.008590, -0.039919, 0.953630, 0.298324, 0.021468, -0.297674, 0.954426),
      ["LeftFoot"] = CFrame.new(0.000000, -0.078044, 0.000004, 0.951460, -0.208878, -0.226066, 0.080873, 0.878352, -0.471138, 0.296957, 0.429963, 0.852598),
      ["LeftHand"] = CFrame.new(0.000500, 0.000100, -0.000000, 0.998674, 0.033727, 0.038897, -0.034986, 0.998870, 0.032161, -0.037768, -0.033478, 0.998726),
      ["LeftLowerArm"] = CFrame.new(0.005666, -0.027912, 0.010661, 1.000000, -0.000000, -0.000000, 0.000000, 0.998746, -0.050073, 0.000000, 0.050072, 0.998746),
      ["LeftLowerLeg"] = CFrame.new(-0.085286, 0.056549, -0.050816, 1.000000, 0.000000, 0.000000, 0.000000, 1.000000, -0.000002, -0.000000, -0.000005, 1.000000),
