return {
  ["Astros walk"] = {
    {Time = 0.000, Data = {
      ["Head"] = CFrame.new(-0.000047, 0.000031, 0.000076, 0.993780, 0.001430, 0.111348, -0.009793, 0.997166, 0.074604, -0.110925, -0.075225, 0.990977),
      ["LeftFoot"] = CFrame.new(-0.000012, 0.000097, 0.000149, 0.989553, 0.137812, 0.042360, -0.129758, 0.979366, -0.154933, -0.062837, 0.147818, 0.987016),
      ["LeftHand"] = CFrame.new(0.007458, 0.000736, -0.012103, 0.976528, 0.093503, -0.194037, -0.126879, 0.977692, -0.167387, 0.174053, 0.188085, 0.966608),
      ["LeftLowerArm"] = CFrame.new(0.006437, -0.014641, 0.008831, 0.987918, -0.047924, -0.147383, -0.015938, 0.914530, -0.404205, 0.154158, 0.401670, 0.902716),
      ["LeftLowerLeg"] = CFrame.new(-0.000058, 0.000045, 0.000050, 0.999934, -0.000689, -0.011438, -0.000296, 0.996310, -0.085830, 0.011455, 0.085827, 0.996244),
      ["LeftUpperArm"] = CFrame.new(-0.054735, -0.044417, -0.356488, 0.992441, -0.122399, -0.008846, 0.121339, 0.967949, 0.219890, -0.018352, -0.219301, 0.975485),
      ["LeftUpperLeg"] = CFrame.new(0.000034, -0.000013, -0.000043, 0.987340, -0.149693, 0.052464, 0.128901, 0.949946, 0.284583, -0.092438, -0.274217, 0.957215),
      ["LowerTorso"] = CFrame.new(-1.554478, -0.108362, 1.777670, 0.984522, 0.003627, 0.175224, 0.003984, 0.999065, -0.043096, -0.175215, 0.043083, 0.983585),
      ["RightFoot"] = CFrame.new(-0.000022, -0.000076, -0.000026, 0.977902, 0.039742, -0.205252, -0.046257, 0.998564, -0.027025, 0.203883, 0.035921, 0.978336),
      ["RightHand"] = CFrame.new(0.000108, -0.000114, 0.000156, 0.990964, -0.076627, 0.110086, 0.085276, 0.993444, -0.076140, -0.103530, 0.084839, 0.991001),
      ["RightLowerArm"] = CFrame.new(0.000006, 0.000010, 0.000173, 0.993290, 0.040267, 0.108415, -0.000907, 0.940113, -0.340862, -0.115648, 0.338476, 0.933841),
      ["RightLowerLeg"] = CFrame.new(-0.000030, -0.000008, 0.000087, 0.998876, -0.002864, -0.047307, 0.019583, 0.933915, 0.356959, 0.043158, -0.357484, 0.932921),
      ["RightUpperArm"] = CFrame.new(0.055919, -0.044553, -0.355321, 0.990546, 0.107002, 0.085843, -0.126069, 0.956767, 0.262112, -0.054086, -0.270456, 0.961212),
      ["RightUpperLeg"] = CFrame.new(-0.000005, -0.000023, 0.000161, 0.992964, 0.057139, -0.103723, -0.096490, 0.898166, -0.428939, 0.068651, 0.435928, 0.897359),
      ["UpperTorso"] = CFrame.new(0.000032, -0.000001, -0.000066, 0.997133, 0.015492, -0.074060, -0.000969, 0.981348, 0.192251, 0.075656, -0.191616, 0.978547)
    }},
    {Time = 0.033, Data = {
      ["Head"] = CFrame.new(-0.000048, 0.000030, 0.000077, 0.991517, 0.001681, 0.129963, -0.013274, 0.995997, 0.088396, -0.129295, -0.089366, 0.987571),
      ["LeftFoot"] = CFrame.new(-0.000012, 0.000096, 0.000148, 0.989242, 0.139498, 0.044056, -0.129238, 0.974478, -0.183548, -0.068535, 0.175879, 0.982023),
      ["LeftHand"] = CFrame.new(0.007458, 0.000737, -0.012103, 0.978122, 0.105962, -0.179024, -0.135447, 0.977547, -0.161410, 0.157898, 0.182135, 0.970514),
      ["LeftLowerArm"] = CFrame.new(0.006437, -0.014643, 0.008832, 0.980623, -0.066486, -0.184278, -0.027683, 0.884183, -0.466320, 0.193939, 0.462385, 0.865210),
      ["LeftLowerLeg"] = CFrame.new(-0.000058, 0.000044, 0.000051, 1.000000, 0.000093, -0.000514, -0.000093, 1.000000, -0.000556, 0.000514, 0.000556, 1.000000),
      ["LeftUpperArm"] = CFrame.new(-0.054735, -0.044418, -0.356487, 0.992278, -0.124031, -0.000218, 0.120298, 0.961985, 0.245179, -0.030200, -0.243312, 0.969478),
      ["LeftUpperLeg"] = CFrame.new(0.000034, -0.000013, -0.000043, 0.984422, -0.172432, 0.034350, 0.150189, 0.926285, 0.345602, -0.091410, -0.335059, 0.937752),
      ["LowerTorso"] = CFrame.new(-1.563413, -0.151955, 1.781792, 0.982694, 0.023054, 0.183798, -0.014521, 0.998760, -0.047666, -0.184668, 0.044128, 0.981808),
      ["RightFoot"] = CFrame.new(-0.000022, -0.000076, -0.000026, 0.988947, 0.015635, -0.147439, -0.028004, 0.996224, -0.082180, 0.145598, 0.085400, 0.985651),
      ["RightHand"] = CFrame.new(0.000108, -0.000114, 0.000155, 0.991738, -0.088878, 0.092498, 0.095889, 0.992612, -0.074344, -0.085207, 0.082599, 0.992934),
      ["RightLowerArm"] = CFrame.new(0.000006, 0.000010, 0.000173, 0.993326, 0.040147, 0.108128, -0.000953, 0.940290, -0.340372, -0.115337, 0.337998, 0.934053),
      ["RightLowerLeg"] = CFrame.new(-0.000031, -0.000006, 0.000087, 0.999433, -0.003711, -0.033476, 0.012063, 0.967417, 0.252902, 0.031447, -0.253162, 0.966913),
      ["RightUpperArm"] = CFrame.new(0.055918, -0.044553, -0.355320, 0.993650, 0.098287, 0.054764, -0.109954, 0.951501, 0.287325, -0.023868, -0.291522, 0.956266),
      ["RightUpperLeg"] = CFrame.new(-0.000005, -0.000022, 0.000161, 0.991980, 0.047657, -0.117070, -0.096743, 0.882343, -0.460558, 0.081347, 0.468189, 0.879876),
      ["UpperTorso"] = CFrame.new(0.000032, -0.000003, -0.000066, 0.994604, 0.003219, -0.103696, 0.015981, 0.982834, 0.183811, 0.102508, -0.184464, 0.977477)
    }},
    {Time = 0.067, Data = {
      ["Head"] = CFrame.new(-0.000047, 0.000031, 0.000076, 0.989970, 0.000444, 0.141280, -0.013340, 0.995821, 0.090353, -0.140649, -0.091327, 0.985838),
      ["LeftFoot"] = CFrame.new(-0.000012, 0.000096, 0.000148, 0.989624, 0.140182, 0.031520, -0.130720, 0.969482, -0.207402, -0.059632, 0.201129, 0.977748),
      ["LeftHand"] = CFrame.new(0.007458, 0.000734, -0.012103, 0.978648, 0.117755, -0.168465, -0.143633, 0.978091, -0.150688, 0.147027, 0.171675, 0.974122),
      ["LeftLowerArm"] = CFrame.new(0.006437, -0.014642, 0.008833, 0.973933, -0.082362, -0.211355, -0.038533, 0.858142, -0.511965, 0.223539, 0.506763, 0.832599),
      ["LeftLowerLeg"] = CFrame.new(-0.000058, 0.000045, 0.000051, 0.999945, -0.000064, 0.010499, -0.000831, 0.996364, 0.085198, -0.010466, -0.085202, 0.996309),
      ["LeftUpperArm"] = CFrame.new(-0.054735, -0.044416, -0.356487, 0.992518, -0.121983, 0.005367, 0.116503, 0.959258, 0.257394, -0.036546, -0.254843, 0.966292),
      ["LeftUpperLeg"] = CFrame.new(0.000035, -0.000012, -0.000043, 0.983368, -0.180639, 0.018901, 0.157192, 0.898593, 0.409660, -0.090985, -0.399874, 0.912042),
      ["LowerTorso"] = CFrame.new(-1.567722, -0.204821, 1.778008, 0.979658, 0.034555, 0.197678, -0.024040, 0.998178, -0.055380, -0.199231, 0.049457, 0.978701),
      ["RightFoot"] = CFrame.new(-0.000022, -0.000075, -0.000027, 0.988625, -0.030389, -0.147297, 0.009168, 0.989732, -0.142641, 0.150119, 0.139668, 0.978753),
      ["RightHand"] = CFrame.new(0.000109, -0.000113, 0.000156, 0.992068, -0.102341, 0.072986, 0.107756, 0.991375, -0.074587, -0.064723, 0.081860, 0.994540),
      ["RightLowerArm"] = CFrame.new(0.000006, 0.000011, 0.000174, 0.992574, 0.042605, 0.113941, 0.000007, 0.936641, -0.350291, -0.121646, 0.347691, 0.929685),
      ["RightLowerLeg"] = CFrame.new(-0.000031, -0.000007, 0.000087, 0.999591, -0.003662, -0.028353, 0.009656, 0.976725, 0.214279, 0.026908, -0.214465, 0.976361),
      ["RightUpperArm"] = CFrame.new(0.055919, -0.044552, -0.355321, 0.995781, 0.089822, 0.018770, -0.091222, 0.946830, 0.308530, 0.009941, -0.308941, 0.951029),
      ["RightUpperLeg"] = CFrame.new(-0.000005, -0.000021, 0.000161, 0.990401, 0.046723, -0.130086, -0.104881, 0.867034, -0.487087, 0.090030, 0.496054, 0.863611),
      ["UpperTorso"] = CFrame.new(0.000033, -0.000002, -0.000066, 0.991499, 0.002830, -0.130080, 0.021561, 0.982367, 0.185729, 0.128312, -0.186943, 0.973953)
    }},
    {Time = 0.100, Data = {
      ["Head"] = CFrame.new(-0.000047, 0.000030, 0.000076, 0.989787, -0.005366, 0.142453, -0.005834, 0.996929, 0.078100, -0.142435, -0.078128, 0.986716),
      ["LeftFoot"] = CFrame.new(-0.000012, 0.000096, 0.000148, 0.990270, 0.139042, 0.005740, -0.134735, 0.968296, -0.210351, -0.034805, 0.207531, 0.977609),
      ["LeftHand"] = CFrame.new(0.007457, 0.000734, -0.012102, 0.977866, 0.125203, -0.167635, -0.147948, 0.980304, -0.130826, 0.147950, 0.152739, 0.977130),
      ["LeftLowerArm"] = CFrame.new(0.006437, -0.014641, 0.008832, 0.968733, -0.094214, -0.229523, -0.047000, 0.838661, -0.542621, 0.243615, 0.536443, 0.808011),
      ["LeftLowerLeg"] = CFrame.new(-0.000058, 0.000043, 0.000051, 0.999769, -0.001167, 0.021477, -0.002512, 0.985360, 0.170469, -0.021362, -0.170484, 0.985129),
      ["LeftUpperArm"] = CFrame.new(-0.054735, -0.044418, -0.356488, 0.992473, -0.122424, 0.003084, 0.117370, 0.958079, 0.261360, -0.034951, -0.259030, 0.965237),
      ["LeftUpperLeg"] = CFrame.new(0.000034, -0.000012, -0.000043, 0.987195, -0.158401, 0.018841, 0.132994, 0.882511, 0.451096, -0.088081, -0.442814, 0.892276),
      ["LowerTorso"] = CFrame.new(-1.558305, -0.246887, 1.781225, 0.975992, 0.017793, 0.217078, -0.008266, 0.998966, -0.044752, -0.217649, 0.041839, 0.975128),
      ["RightFoot"] = CFrame.new(-0.000022, -0.000075, -0.000027, 0.979263, -0.097821, -0.177416, 0.066733, 0.982585, -0.173414, 0.191289, 0.157978, 0.968737),
      ["RightHand"] = CFrame.new(0.000108, -0.000112, 0.000155, 0.991482, -0.100018, 0.083424, 0.105586, 0.992268, -0.065241, -0.076254, 0.073493, 0.994376),
      ["RightLowerArm"] = CFrame.new(0.000006, 0.000010, 0.000174, 0.991720, 0.045315, 0.120158, 0.001114, 0.932601, -0.360907, -0.128414, 0.358053, 0.924829),
      ["RightLowerLeg"] = CFrame.new(-0.000031, -0.000006, 0.000087, 0.999319, -0.003642, -0.036715, 0.013689, 0.960686, 0.277301, 0.034262, -0.277615, 0.960081),
      ["RightUpperArm"] = CFrame.new(0.055919, -0.044554, -0.355321, 0.995897, 0.086672, -0.026016, -0.074203, 0.946703, 0.313445, 0.051796, -0.310228, 0.949250),
      ["RightUpperLeg"] = CFrame.new(-0.000005, -0.000021, 0.000161, 0.989860, 0.076018, -0.119991, -0.128499, 0.839236, -0.528367, 0.060535, 0.538427, 0.840494),
      ["UpperTorso"] = CFrame.new(0.000032, -0.000002, -0.000066, 0.988529, 0.034775, -0.146976, -0.006853, 0.982457, 0.186374, 0.150879, -0.183218, 0.971423)
    }},
    {Time = 0.133, Data = {
      ["Head"] = CFrame.new(-0.000047, 0.000030, 0.000076, 0.990852, -0.016437, 0.133952, 0.008177, 0.998044, 0.061988, -0.134709, -0.060321, 0.989047),
      ["LeftFoot"] = CFrame.new(-0.000012, 0.000098, 0.000148, 0.989944, 0.139027, -0.026140, -0.141448, 0.975235, -0.170023, 0.001855, 0.172011, 0.985093),
      ["LeftHand"] = CFrame.new(0.007458, 0.000735, -0.012103, 0.974904, 0.129661, -0.180971, -0.149005, 0.984002, -0.097658, 0.165410, 0.122181, 0.978628),
      ["LeftLowerArm"] = CFrame.new(0.006437, -0.014641, 0.008831, 0.965619, -0.101152, -0.239474, -0.052080, 0.827244, -0.559424, 0.254691, 0.552662, 0.793534),
      ["LeftLowerLeg"] = CFrame.new(-0.000058, 0.000044, 0.000051, 0.999473, -0.003205, 0.032297, -0.005116, 0.967112, 0.254300, -0.032050, -0.254331, 0.966586),
      ["LeftUpperArm"] = CFrame.new(-0.054735, -0.044418, -0.356488, 0.992534, -0.121882, -0.004489, 0.118926, 0.958989, 0.257287, -0.027053, -0.255900, 0.966325),
      ["LeftUpperLeg"] = CFrame.new(0.000034, -0.000012, -0.000043, 0.990172, -0.138010, 0.022652, 0.109353, 0.864961, 0.489782, -0.087188, -0.482490, 0.871551),
      ["LowerTorso"] = CFrame.new(-1.547676, -0.273672, 1.777771, 0.971444, 0.004693, 0.237221, 0.003943, 0.999347, -0.035955, -0.237234, 0.035820, 0.970790),
      ["RightFoot"] = CFrame.new(-0.000022, -0.000076, -0.000026, 0.980071, -0.122077, -0.156714, 0.121916, 0.992483, -0.010664, 0.156838, -0.008655, 0.987586),
      ["RightHand"] = CFrame.new(0.000108, -0.000116, 0.000155, 0.989205, -0.090917, 0.114923, 0.096801, 0.994207, -0.046709, -0.110010, 0.057329, 0.992276),
      ["RightLowerArm"] = CFrame.new(0.000006, 0.000011, 0.000174, 0.991252, 0.046771, 0.123419, 0.001729, 0.930424, -0.366481, -0.131973, 0.363488, 0.922203),
      ["RightLowerLeg"] = CFrame.new(-0.000031, -0.000008, 0.000087, 0.998961, -0.003061, -0.045468, 0.018496, 0.939100, 0.343147, 0.041649, -0.343631, 0.938181),
      ["RightUpperArm"] = CFrame.new(0.055919, -0.044553, -0.355321, 0.993377, 0.087921, -0.073967, -0.060953, 0.948975, 0.309406, 0.097397, -0.302848, 0.948049),
      ["RightUpperLeg"] = CFrame.new(-0.000005, -0.000021, 0.000161, 0.988885, 0.088583, -0.119410, -0.139686, 0.828629, -0.542091, 0.050926, 0.552745, 0.831792),
      ["UpperTorso"] = CFrame.new(0.000032, -0.000001, -0.000066, 0.985559, 0.065000, -0.156359, -0.034389, 0.980979, 0.191056, 0.165804, -0.182908, 0.969046)
    }},
    {Time = 0.167, Data = {
      ["Head"] = CFrame.new(-0.000048, 0.000031, 0.000076, 0.992157, -0.028542, 0.121691, 0.023476, 0.998805, 0.042870, -0.122770, -0.039672, 0.991642),
      ["LeftFoot"] = CFrame.new(-0.000012, 0.000098, 0.000149, 0.994989, 0.048136, -0.087638, -0.062957, 0.982526, -0.175152, 0.077676, 0.179792, 0.980633),
      ["LeftHand"] = CFrame.new(0.007458, 0.000735, -0.012103, 0.976745, 0.131733, -0.169160, -0.145525, 0.986744, -0.071821, 0.157454, 0.094776, 0.982968),
      ["LeftLowerArm"] = CFrame.new(0.006437, -0.014641, 0.008832, 0.963156, -0.106571, -0.246928, -0.056104, 0.818322, -0.572016, 0.263027, 0.564794, 0.782192),
      ["LeftLowerLeg"] = CFrame.new(-0.000058, 0.000045, 0.000051, 0.999063, -0.006144, 0.042840, -0.008606, 0.941904, 0.335772, -0.042414, -0.335826, 0.940969),
      ["LeftUpperArm"] = CFrame.new(-0.054735, -0.044416, -0.356487, 0.992319, -0.123336, -0.009504, 0.121663, 0.959192, 0.255242, -0.022364, -0.254438, 0.966831),
      ["LeftUpperLeg"] = CFrame.new(0.000034, -0.000013, -0.000043, 0.993670, -0.099116, 0.052869, 0.077767, 0.946579, 0.312956, -0.081063, -0.306864, 0.948295),
      ["LowerTorso"] = CFrame.new(-1.531905, -0.285572, 1.767216, 0.970036, -0.012021, 0.242666, 0.020360, 0.999285, -0.031919, -0.242108, 0.035859, 0.969585),
      ["RightFoot"] = CFrame.new(-0.000022, -0.000078, -0.000026, 0.981652, -0.123687, -0.145125, 0.139384, 0.984815, 0.103497, 0.130121, -0.121827, 0.983985),
      ["RightHand"] = CFrame.new(0.000108, -0.000114, 0.000155, 0.987746, -0.091945, 0.126112, 0.100263, 0.993072, -0.061272, -0.119605, 0.073166, 0.990122),
      ["RightLowerArm"] = CFrame.new(0.000006, 0.000012, 0.000172, 0.992379, 0.043227, 0.115389, 0.000259, 0.935713, -0.352762, -0.123220, 0.350104, 0.928571),
      ["RightLowerLeg"] = CFrame.new(-0.000031, -0.000007, 0.000086, 0.998610, -0.002135, -0.052670, 0.022912, 0.917440, 0.397214, 0.047474, -0.397869, 0.916213),
      ["RightUpperArm"] = CFrame.new(0.055918, -0.044552, -0.355321, 0.990400, 0.090322, -0.104643, -0.054951, 0.951875, 0.301521, 0.126841, -0.292876, 0.947700),
      ["RightUpperLeg"] = CFrame.new(-0.000005, -0.000021, 0.000161, 0.987353, 0.106148, -0.117753, -0.152936, 0.833386, -0.531112, 0.041758, 0.542403, 0.839080),
      ["UpperTorso"] = CFrame.new(0.000032, -0.000002, -0.000066, 0.984488, 0.097519, -0.145853, -0.066759, 0.976982, 0.202618, 0.162255, -0.189726, 0.968335)
    }},
    {Time = 0.200, Data = {
      ["Head"] = CFrame.new(-0.000048, 0.000031, 0.000076, 0.993788, -0.031080, 0.106861, 0.028342, 0.999232, 0.027055, -0.107620, -0.023853, 0.993906),
      ["LeftFoot"] = CFrame.new(-0.000012, 0.000097, 0.000149, 0.994567, -0.006576, -0.103890, 0.010730, 0.999164, 0.039450, 0.103543, -0.040351, 0.993806),
      ["LeftHand"] = CFrame.new(0.007458, 0.000736, -0.012103, 0.976723, 0.126748, -0.173052, -0.135906, 0.989829, -0.042061, 0.165958, 0.064608, 0.984014),
      ["LeftLowerArm"] = CFrame.new(0.006437, -0.014642, 0.008832, 0.964709, -0.103161, -0.242269, -0.053566, 0.823937, -0.564144, 0.257812, 0.557212, 0.789333),
      ["LeftLowerLeg"] = CFrame.new(-0.000057, 0.000044, 0.000050, 0.996427, -0.026756, 0.080109, -0.032126, 0.757137, 0.652465, -0.078111, -0.652707, 0.753573),
      ["LeftUpperArm"] = CFrame.new(-0.054736, -0.044415, -0.356488, 0.991473, -0.127841, -0.025265, 0.130144, 0.961531, 0.241911, -0.006633, -0.243136, 0.969969),
      ["LeftUpperLeg"] = CFrame.new(0.000034, -0.000014, -0.000043, 0.995799, -0.044898, 0.079805, 0.034558, 0.991362, 0.126519, -0.084796, -0.123230, 0.988749),
      ["LowerTorso"] = CFrame.new(-1.512856, -0.285992, 1.754778, 0.971682, -0.028441, 0.234575, 0.037902, 0.998636, -0.035961, -0.233232, 0.043790, 0.971433),
      ["RightFoot"] = CFrame.new(-0.000022, -0.000077, -0.000026, 0.983370, -0.125267, -0.131500, 0.133474, 0.989494, 0.055556, 0.123159, -0.072185, 0.989758),
      ["RightHand"] = CFrame.new(0.000108, -0.000114, 0.000156, 0.987355, -0.099877, 0.123107, 0.114379, 0.986523, -0.117001, -0.109762, 0.129602, 0.985472),
      ["RightLowerArm"] = CFrame.new(0.000006, 0.000013, 0.000173, 0.994847, 0.034930, 0.095178, -0.002832, 0.947986, -0.318301, -0.101345, 0.316391, 0.943200),
      ["RightLowerLeg"] = CFrame.new(-0.000031, -0.000006, 0.000087, 0.997985, 0.000056, -0.063444, 0.030328, 0.877919, 0.477848, 0.055725, -0.478809, 0.876149),
      ["RightUpperArm"] = CFrame.new(0.055919, -0.044553, -0.355321, 0.989016, 0.095342, -0.112943, -0.059723, 0.956760, 0.284680, 0.135202, -0.274808, 0.951946),
      ["RightUpperLeg"] = CFrame.new(-0.000005, -0.000024, 0.000161, 0.984391, 0.128282, -0.120494, -0.172510, 0.838902, -0.516222, 0.034860, 0.528950, 0.847936),
      ["UpperTorso"] = CFrame.new(0.000032, -0.000004, -0.000066, 0.985608, 0.121824, -0.117197, -0.093861, 0.970983, 0.219970, 0.140594, -0.205792, 0.968441)
    }},
    {Time = 0.233, Data = {
      ["Head"] = CFrame.new(-0.000047, 0.000032, 0.000076, 0.995966, -0.027328, 0.085470, 0.025247, 0.999360, 0.025347, -0.086108, -0.023082, 0.996018),
      ["LeftFoot"] = CFrame.new(-0.000012, 0.000097, 0.000149, 0.990504, -0.076053, -0.114531, 0.102797, 0.962873, 0.249615, 0.091294, -0.259019, 0.961548),
      ["LeftHand"] = CFrame.new(0.007458, 0.000735, -0.012103, 0.975966, 0.113067, -0.186296, -0.117245, 0.993037, -0.011499, 0.183696, 0.033073, 0.982426),
      ["LeftLowerArm"] = CFrame.new(0.006437, -0.014641, 0.008832, 0.969425, -0.092656, -0.227222, -0.045871, 0.841224, -0.538737, 0.241062, 0.532688, 0.811254),
      ["LeftLowerLeg"] = CFrame.new(-0.000058, 0.000045, 0.000050, 0.993750, -0.050172, 0.099715, -0.056845, 0.541331, 0.838886, -0.096067, -0.839312, 0.535095),
      ["LeftUpperArm"] = CFrame.new(-0.054735, -0.044416, -0.356488, 0.989678, -0.132923, -0.053555, 0.141584, 0.964705, 0.222033, 0.022151, -0.227324, 0.973567),
      ["LeftUpperLeg"] = CFrame.new(0.000034, -0.000011, -0.000043, 0.995634, 0.015807, 0.091992, -0.011190, 0.998662, -0.050496, -0.092667, 0.049246, 0.994479),
      ["LowerTorso"] = CFrame.new(-1.493996, -0.278148, 1.752687, 0.974757, -0.043474, 0.218996, 0.053044, 0.997869, -0.038045, -0.216875, 0.048656, 0.974984),
      ["RightFoot"] = CFrame.new(-0.000022, -0.000076, -0.000026, 0.986372, -0.122420, -0.109928, 0.120834, 0.992451, -0.020983, 0.111666, 0.007413, 0.993718),
      ["RightHand"] = CFrame.new(0.000108, -0.000115, 0.000156, 0.989241, -0.093906, 0.112179, 0.112624, 0.978232, -0.174290, -0.093370, 0.185048, 0.978284),
      ["RightLowerArm"] = CFrame.new(0.000006, 0.000010, 0.000172, 0.996317, 0.029451, 0.080529, -0.004546, 0.955985, -0.293381, -0.085625, 0.291934, 0.952598),
      ["RightLowerLeg"] = CFrame.new(-0.000031, -0.000006, 0.000087, 0.997458, 0.002289, -0.071224, 0.036328, 0.843524, 0.535862, 0.061306, -0.537087, 0.841296),
      ["RightUpperArm"] = CFrame.new(0.055919, -0.044551, -0.355321, 0.989695, 0.097661, -0.104715, -0.066702, 0.961559, 0.266373, 0.126704, -0.256643, 0.958165),
      ["RightUpperLeg"] = CFrame.new(-0.000005, -0.000021, 0.000161, 0.981344, 0.146971, -0.123948, -0.189302, 0.851280, -0.489375, 0.033590, 0.503708, 0.863220),
      ["UpperTorso"] = CFrame.new(0.000032, -0.000001, -0.000066, 0.987823, 0.136672, -0.074341, -0.116187, 0.965815, 0.231748, 0.103474, -0.220277, 0.969931)
    }},
    {Time = 0.267, Data = {
      ["Head"] = CFrame.new(-0.000047, 0.000031, 0.000077, 0.997747, -0.018701, 0.064433, 0.017322, 0.999610, 0.021895, -0.064817, -0.020724, 0.997682),
      ["LeftFoot"] = CFrame.new(-0.000013, 0.000098, 0.000149, 0.988479, -0.119666, -0.092673, 0.142305, 0.943356, 0.299716, 0.051557, -0.309451, 0.949517),
      ["LeftHand"] = CFrame.new(0.007458, 0.000736, -0.012103, 0.980097, 0.092331, -0.175741, -0.094490, 0.995519, -0.003907, 0.174590, 0.020443, 0.984429),
      ["LeftLowerArm"] = CFrame.new(0.006437, -0.014641, 0.008832, 0.975204, -0.079407, -0.206572, -0.036467, 0.862993, -0.503897, 0.218283, 0.498936, 0.838699),
      ["LeftLowerLeg"] = CFrame.new(-0.000058, 0.000044, 0.000051, 0.992083, -0.066060, 0.106802, -0.072822, 0.390253, 0.917823, -0.102311, -0.918335, 0.382353),
      ["LeftUpperArm"] = CFrame.new(-0.054735, -0.044416, -0.356487, 0.987035, -0.132433, -0.090680, 0.148110, 0.969222, 0.196652, 0.061846, -0.207533, 0.976271),
      ["LeftUpperLeg"] = CFrame.new(0.000034, -0.000011, -0.000043, 0.993074, 0.055259, 0.103687, -0.034051, 0.979984, -0.196145, -0.112451, 0.191255, 0.975077),
      ["LowerTorso"] = CFrame.new(-1.476982, -0.256961, 1.761482, 0.980080, -0.051256, 0.191877, 0.059717, 0.997470, -0.038606, -0.189412, 0.049251, 0.980659),
      ["RightFoot"] = CFrame.new(-0.000021, -0.000077, -0.000027, 0.989215, -0.116709, -0.088501, 0.108835, 0.990058, -0.089106, 0.098021, 0.078513, 0.992082),
      ["RightHand"] = CFrame.new(0.000108, -0.000114, 0.000156, 0.987601, -0.089769, 0.128787, 0.113249, 0.975525, -0.188483, -0.108715, 0.200731, 0.973595),
      ["RightLowerArm"] = CFrame.new(0.000006, 0.000012, 0.000173, 0.997246, 0.025646, 0.069595, -0.005548, 0.961482, -0.274810, -0.073962, 0.273667, 0.958976),
      ["RightLowerLeg"] = CFrame.new(-0.000031, -0.000007, 0.000087, 0.997248, 0.003254, -0.074070, 0.038666, 0.829592, 0.557030, 0.063261, -0.558361, 0.827183),
      ["RightUpperArm"] = CFrame.new(0.055919, -0.044552, -0.355321, 0.991650, 0.098890, -0.082768, -0.076130, 0.966979, 0.243219, 0.104087, -0.234887, 0.966434),
      ["RightUpperLeg"] = CFrame.new(-0.000005, -0.000021, 0.000161, 0.980161, 0.160939, -0.115682, -0.196074, 0.872631, -0.447293, 0.028961, 0.461101, 0.886874),
      ["UpperTorso"] = CFrame.new(0.000032, -0.000003, -0.000066, 0.990773, 0.133662, -0.022452, -0.124506, 0.963032, 0.238902, 0.053554, -0.233891, 0.970784)
    }},
    {Time = 0.300, Data = {
      ["Head"] = CFrame.new(-0.000047, 0.000032, 0.000077, 0.999041, -0.007331, 0.043166, 0.006480, 0.999783, 0.019827, -0.043302, -0.019523, 0.998871),
      ["LeftFoot"] = CFrame.new(-0.000012, 0.000097, 0.000149, 0.994513, -0.103308, -0.016466, 0.104568, 0.976956, 0.186071, -0.003136, -0.186773, 0.982398),
      ["LeftHand"] = CFrame.new(0.007458, 0.000733, -0.012103, 0.986226, 0.082828, -0.143171, -0.088435, 0.995528, -0.033204, 0.139778, 0.045416, 0.989141),
      ["LeftLowerArm"] = CFrame.new(0.006437, -0.014640, 0.008832, 0.981558, -0.064193, -0.180062, -0.026171, 0.887938, -0.459218, 0.189363, 0.455461, 0.869883),
      ["LeftLowerLeg"] = CFrame.new(-0.000058, 0.000043, 0.000051, 0.991471, -0.072189, 0.108509, -0.078832, 0.330819, 0.940396, -0.103783, -0.940929, 0.322307),
      ["LeftUpperArm"] = CFrame.new(-0.054735, -0.044416, -0.356487, 0.983231, -0.130356, -0.127532, 0.151855, 0.972472, 0.176746, 0.100981, -0.193148, 0.975959),
      ["LeftUpperLeg"] = CFrame.new(0.000034, -0.000012, -0.000043, 0.990064, 0.073833, 0.119675, -0.033183, 0.949702, -0.311393, -0.136646, 0.304327, 0.942715),
      ["LowerTorso"] = CFrame.new(-1.462213, -0.223469, 1.772724, 0.985819, -0.049987, 0.160198, 0.056432, 0.997760, -0.035968, -0.158040, 0.044453, 0.986429),
      ["RightFoot"] = CFrame.new(-0.000021, -0.000076, -0.000027, 0.992270, -0.109562, -0.058278, 0.100659, 0.985254, -0.138354, 0.072577, 0.131418, 0.988667),
      ["RightHand"] = CFrame.new(0.000108, -0.000114, 0.000156, 0.982253, -0.090649, 0.164199, 0.118381, 0.978673, -0.167881, -0.145480, 0.184340, 0.972036),
      ["RightLowerArm"] = CFrame.new(0.000006, 0.000011, 0.000174, 0.997957, 0.022443, 0.059823, -0.006246, 0.966062, -0.258235, -0.063589, 0.257333, 0.964228),
      ["RightLowerLeg"] = CFrame.new(-0.000030, -0.000007, 0.000087, 0.997339, 0.002831, -0.072852, 0.037656, 0.835648, 0.547973, 0.062430, -0.549258, 0.833318),
      ["RightUpperArm"] = CFrame.new(0.055919, -0.044552, -0.355321, 0.993426, 0.103486, -0.048936, -0.090551, 0.971931, 0.217140, 0.070034, -0.211282, 0.974913),
      ["RightUpperLeg"] = CFrame.new(-0.000005, -0.000023, 0.000161, 0.981176, 0.166023, -0.098645, -0.191649, 0.899973, -0.391561, 0.023770, 0.403094, 0.914849),
      ["UpperTorso"] = CFrame.new(0.000032, -0.000003, -0.000066, 0.992891, 0.114963, 0.030850, -0.119010, 0.963585, 0.239471, -0.002196, -0.241428, 0.970413)
    }},
    {Time = 0.333, Data = {
      ["Head"] = CFrame.new(-0.000047, 0.000030, 0.000077, 0.999782, 0.004213, 0.020468, -0.004623, 0.999789, 0.020023, -0.020379, -0.020108, 0.999590),
      ["LeftFoot"] = CFrame.new(-0.000012, 0.000098, 0.000148, 0.997783, -0.040596, 0.052738, 0.035147, 0.994319, 0.100472, -0.056518, -0.098396, 0.993541),
      ["LeftHand"] = CFrame.new(0.007458, 0.000735, -0.012103, 0.990104, 0.086474, -0.110530, -0.094546, 0.993059, -0.069957, 0.103711, 0.079723, 0.991408),
      ["LeftLowerArm"] = CFrame.new(0.006437, -0.014642, 0.008832, 0.986317, -0.052153, -0.156394, -0.018505, 0.907628, -0.419368, 0.163819, 0.416524, 0.894243),
      ["LeftLowerLeg"] = CFrame.new(-0.000058, 0.000043, 0.000050, 0.992000, -0.066889, 0.107064, -0.073640, 0.382252, 0.921119, -0.102539, -0.921634, 0.374269),
      ["LeftUpperArm"] = CFrame.new(-0.054735, -0.044417, -0.356487, 0.980284, -0.126143, -0.152087, 0.151819, 0.973479, 0.171143, 0.126465, -0.190859, 0.973437),
      ["LeftUpperLeg"] = CFrame.new(0.000034, -0.000013, -0.000043, 0.988187, 0.075838, 0.133170, -0.018407, 0.921415, -0.388146, -0.152141, 0.381108, 0.911926),
      ["LowerTorso"] = CFrame.new(-1.454508, -0.183413, 1.778776, 0.990099, -0.039946, 0.134570, 0.045194, 0.998324, -0.036204, -0.132898, 0.041883, 0.990242),
      ["RightFoot"] = CFrame.new(-0.000022, -0.000077, -0.000027, 0.993955, -0.097860, -0.049780, 0.087519, 0.979963, -0.178920, 0.066292, 0.173481, 0.982603),
      ["RightHand"] = CFrame.new(0.000108, -0.000114, 0.000155, 0.975188, -0.086516, 0.203774, 0.114829, 0.984644, -0.131490, -0.189270, 0.151626, 0.970148),
      ["RightLowerArm"] = CFrame.new(0.000006, 0.000010, 0.000172, 0.998183, 0.021350, 0.056350, -0.006451, 0.967615, -0.252348, -0.059913, 0.251526, 0.965994),
      ["RightLowerLeg"] = CFrame.new(-0.000030, -0.000004, 0.000087, 0.997644, 0.001466, -0.068584, 0.034229, 0.855784, 0.516199, 0.059450, -0.517331, 0.853718),
      ["RightUpperArm"] = CFrame.new(0.055919, -0.044553, -0.355321, 0.993696, 0.111288, -0.013562, -0.106518, 0.974912, 0.195449, 0.034973, -0.192772, 0.980620),
      ["RightUpperLeg"] = CFrame.new(-0.000005, -0.000021, 0.000161, 0.984560, 0.162559, -0.064924, -0.174819, 0.931975, -0.317588, 0.008881, 0.324034, 0.946004),
      ["UpperTorso"] = CFrame.new(0.000032, -0.000002, -0.000066, 0.993230, 0.087464, 0.076451, -0.103376, 0.965690, 0.238248, -0.052990, -0.244526, 0.968191)
    }},
    {Time = 0.367, Data = {
      ["Head"] = CFrame.new(-0.000047, 0.000031, 0.000077, 0.999886, 0.014616, -0.003806, -0.014556, 0.999777, 0.015299, 0.004028, -0.015237, 0.999876),
      ["LeftFoot"] = CFrame.new(-0.000012, 0.000097, 0.000149, 0.997584, 0.006247, 0.069188, -0.009825, 0.998622, 0.051543, -0.068771, -0.052099, 0.996271),
      ["LeftHand"] = CFrame.new(0.007458, 0.000734, -0.012103, 0.990541, 0.079976, -0.111502, -0.088231, 0.993557, -0.071132, 0.105092, 0.080305, 0.991215),
      ["LeftLowerArm"] = CFrame.new(0.006437, -0.014641, 0.008833, 0.988960, -0.045109, -0.141150, -0.014271, 0.919120, -0.393719, 0.147494, 0.391386, 0.908329),
      ["LeftLowerLeg"] = CFrame.new(-0.000058, 0.000044, 0.000051, 0.993270, -0.054641, 0.102125, -0.061399, 0.499242, 0.864285, -0.098211, -0.864738, 0.492527),
      ["LeftUpperArm"] = CFrame.new(-0.054735, -0.044417, -0.356487, 0.982558, -0.124354, -0.138258, 0.148937, 0.971444, 0.184700, 0.111342, -0.202071, 0.973021),
      ["LeftUpperLeg"] = CFrame.new(0.000034, -0.000013, -0.000043, 0.987195, 0.068788, 0.143927, 0.002750, 0.894776, -0.446508, -0.159497, 0.441185, 0.883128),
      ["LowerTorso"] = CFrame.new(-1.448890, -0.148052, 1.787179, 0.992722, -0.031312, 0.116289, 0.034784, 0.999004, -0.027977, -0.115297, 0.031774, 0.992821),
      ["RightFoot"] = CFrame.new(-0.000022, -0.000076, -0.000026, 0.995502, -0.085384, -0.041055, 0.074970, 0.974905, -0.209617, 0.057922, 0.205596, 0.976921),
      ["RightHand"] = CFrame.new(0.000108, -0.000113, 0.000156, 0.973658, -0.086482, 0.210977, 0.114917, 0.985292, -0.126464, -0.196937, 0.147377, 0.969276),
      ["RightLowerArm"] = CFrame.new(0.000006, 0.000011, 0.000173, 0.997717, 0.023558, 0.063287, -0.006020, 0.964474, -0.264109, -0.067261, 0.263125, 0.962414),
      ["RightLowerLeg"] = CFrame.new(-0.000030, -0.000006, 0.000086, 0.998071, -0.000277, -0.062082, 0.029336, 0.883414, 0.467674, 0.054715, -0.468594, 0.881718),
      ["RightUpperArm"] = CFrame.new(0.055919, -0.044550, -0.355320, 0.992829, 0.119174, 0.009391, -0.118882, 0.976036, 0.182268, 0.012556, -0.182077, 0.983204),
      ["RightUpperLeg"] = CFrame.new(-0.000005, -0.000023, 0.000161, 0.987674, 0.150351, -0.043523, -0.156424, 0.958036, -0.240206, 0.005581, 0.244053, 0.969746),
      ["UpperTorso"] = CFrame.new(0.000032, -0.000004, -0.000066, 0.991195, 0.063933, 0.115956, -0.089241, 0.969493, 0.228309, -0.097822, -0.236635, 0.966659)
    }},
    {Time = 0.400, Data = {
      ["Head"] = CFrame.new(-0.000048, 0.000031, 0.000077, 0.999326, 0.011779, -0.034774, -0.011508, 0.999902, 0.007968, 0.034865, -0.007557, 0.999363),
      ["LeftFoot"] = CFrame.new(-0.000012, 0.000096, 0.000148, 0.996510, 0.064257, 0.053281, -0.066011, 0.997309, 0.031897, -0.051088, -0.035303, 0.998070),
      ["LeftHand"] = CFrame.new(0.007458, 0.000734, -0.012103, 0.991361, 0.062356, -0.115388, -0.071336, 0.994601, -0.075362, 0.110063, 0.082950, 0.990458),
      ["LeftLowerArm"] = CFrame.new(0.006438, -0.014641, 0.008832, 0.991516, -0.037944, -0.124326, -0.010201, 0.930784, -0.365427, 0.129586, 0.363595, 0.922500),
      ["LeftLowerLeg"] = CFrame.new(-0.000058, 0.000042, 0.000050, 0.995263, -0.036641, 0.090050, -0.042752, 0.666941, 0.743882, -0.087315, -0.744209, 0.662216),
      ["LeftUpperArm"] = CFrame.new(-0.054735, -0.044417, -0.356487, 0.985905, -0.122503, -0.113951, 0.144882, 0.965739, 0.215306, 0.083672, -0.228780, 0.969876),
      ["LeftUpperLeg"] = CFrame.new(0.000034, -0.000013, -0.000043, 0.986775, 0.057605, 0.151514, 0.022368, 0.877390, -0.479257, -0.160544, 0.476307, 0.864497),
      ["LowerTorso"] = CFrame.new(-1.443092, -0.123391, 1.797876, 0.994394, -0.028108, 0.101933, 0.029733, 0.999454, -0.014472, -0.101469, 0.017377, 0.994686),
      ["RightFoot"] = CFrame.new(-0.000021, -0.000077, -0.000027, 0.997033, -0.072115, -0.026927, 0.063923, 0.970541, -0.232300, 0.042886, 0.229889, 0.972271),
      ["RightHand"] = CFrame.new(0.000108, -0.000114, 0.000156, 0.974489, -0.088339, 0.206320, 0.119477, 0.982383, -0.143699, -0.189991, 0.164683, 0.967875),
      ["RightLowerArm"] = CFrame.new(0.000006, 0.000011, 0.000174, 0.995922, 0.030979, 0.084730, -0.004100, 0.953766, -0.300524, -0.090123, 0.298951, 0.950003),
      ["RightLowerLeg"] = CFrame.new(-0.000030, -0.000007, 0.000087, 0.998551, -0.001956, -0.053775, 0.023627, 0.913791, 0.405498, 0.048346, -0.406181, 0.912513),
      ["RightUpperArm"] = CFrame.new(0.055919, -0.044553, -0.355320, 0.992198, 0.122827, 0.021358, -0.124660, 0.975178, 0.182995, 0.001650, -0.184229, 0.982882),
      ["RightUpperLeg"] = CFrame.new(-0.000005, -0.000023, 0.000161, 0.989948, 0.136936, -0.035388, -0.140862, 0.977063, -0.159707, 0.012707, 0.163086, 0.986530),
      ["UpperTorso"] = CFrame.new(0.000032, -0.000002, -0.000066, 0.986390, 0.049450, 0.156810, -0.082631, 0.973608, 0.212757, -0.142151, -0.222807, 0.964440)
    }},
    {Time = 0.433, Data = {
      ["Head"] = CFrame.new(-0.000048, 0.000032, 0.000076, 0.997578, 0.007425, -0.069160, -0.007077, 0.999961, 0.005281, 0.069196, -0.004773, 0.997592),
      ["LeftFoot"] = CFrame.new(-0.000012, 0.000097, 0.000149, 0.990032, 0.127822, 0.059154, -0.131136, 0.989777, 0.056067, -0.051383, -0.063265, 0.996673),
      ["LeftHand"] = CFrame.new(0.007458, 0.000735, -0.012103, 0.990772, 0.063439, -0.119776, -0.071512, 0.995365, -0.064303, 0.115138, 0.072283, 0.990716),
      ["LeftLowerArm"] = CFrame.new(0.006437, -0.014642, 0.008833, 0.993039, -0.033442, -0.112938, -0.007791, 0.938097, -0.346285, 0.117527, 0.344754, 0.931306),
      ["LeftLowerLeg"] = CFrame.new(-0.000058, 0.000044, 0.000051, 0.997618, -0.017115, 0.066829, -0.021425, 0.843969, 0.535964, -0.065575, -0.536119, 0.841592),
      ["LeftUpperArm"] = CFrame.new(-0.054735, -0.044415, -0.356488, 0.988726, -0.115673, -0.095082, 0.135647, 0.960840, 0.241631, 0.063408, -0.251805, 0.965699),
      ["LeftUpperLeg"] = CFrame.new(0.000034, -0.000013, -0.000043, 0.986688, 0.040696, 0.157453, 0.040401, 0.876495, -0.479714, -0.157529, 0.479688, 0.863182),
      ["LowerTorso"] = CFrame.new(-1.438568, -0.112061, 1.808100, 0.995587, -0.028983, 0.089259, 0.029281, 0.999569, -0.002051, -0.089161, 0.004611, 0.996006),
      ["RightFoot"] = CFrame.new(-0.000021, -0.000077, -0.000027, 0.998176, -0.058191, -0.016110, 0.052366, 0.967162, -0.248708, 0.030053, 0.247410, 0.968445),
      ["RightHand"] = CFrame.new(0.000108, -0.000116, 0.000156, 0.975486, -0.087623, 0.201863, 0.123426, 0.977292, -0.172238, -0.182187, 0.192931, 0.964150),
      ["RightLowerArm"] = CFrame.new(0.000006, 0.000012, 0.000173, 0.993824, 0.038482, 0.104087, -0.001578, 0.942756, -0.333480, -0.110961, 0.331257, 0.936993),
      ["RightLowerLeg"] = CFrame.new(-0.000031, -0.000006, 0.000087, 0.999034, -0.003214, -0.043827, 0.017549, 0.943531, 0.330819, 0.040289, -0.331269, 0.942676),
      ["RightUpperArm"] = CFrame.new(0.055918, -0.044550, -0.355321, 0.991899, 0.125266, 0.021062, -0.126999, 0.974620, 0.184356, 0.002566, -0.185538, 0.982634),
      ["RightUpperLeg"] = CFrame.new(-0.000005, -0.000023, 0.000161, 0.991552, 0.125830, -0.031476, -0.127821, 0.989160, -0.072279, 0.022040, 0.075692, 0.996888),
      ["UpperTorso"] = CFrame.new(0.000032, -0.000003, -0.000066, 0.978963, 0.039774, 0.200122, -0.080385, 0.976673, 0.199132, -0.187534, -0.211018, 0.959321)
    }},
    {Time = 0.467, Data = {
      ["Head"] = CFrame.new(-0.000047, 0.000031, 0.000076, 0.994911, 0.013947, -0.099786, -0.013638, 0.999900, 0.003780, 0.099829, -0.002395, 0.995002),
      ["LeftFoot"] = CFrame.new(-0.000012, 0.000098, 0.000149, 0.985626, 0.166140, 0.030676, -0.167826, 0.983686, 0.064775, -0.019414, -0.068992, 0.997428),
      ["LeftHand"] = CFrame.new(0.007458, 0.000736, -0.012102, 0.991813, 0.079219, -0.100158, -0.085984, 0.994169, -0.065079, 0.094415, 0.073166, 0.992841),
      ["LeftLowerArm"] = CFrame.new(0.006437, -0.014639, 0.008832, 0.993543, -0.031904, -0.108878, -0.006996, 0.940593, -0.339463, 0.113240, 0.338033, 0.934297),
      ["LeftLowerLeg"] = CFrame.new(-0.000058, 0.000043, 0.000050, 0.999408, -0.003688, 0.034199, -0.005548, 0.963938, 0.266070, -0.033947, -0.266102, 0.963347),
      ["LeftUpperArm"] = CFrame.new(-0.054735, -0.044415, -0.356487, 0.991696, -0.108596, -0.068895, 0.123308, 0.955076, 0.269492, 0.036535, -0.275749, 0.960535),
      ["LeftUpperLeg"] = CFrame.new(0.000034, -0.000013, -0.000043, 0.987972, 0.047383, 0.147193, 0.022623, 0.897361, -0.440718, -0.152967, 0.438746, 0.885495),
      ["LowerTorso"] = CFrame.new(-1.430419, -0.122900, 1.802153, 0.996048, -0.051485, 0.072374, 0.052252, 0.998596, -0.008752, -0.071821, 0.012455, 0.997339),
      ["RightFoot"] = CFrame.new(-0.000022, -0.000076, -0.000026, 0.998619, -0.047861, -0.021665, 0.040583, 0.964655, -0.260373, 0.033360, 0.259133, 0.965265),
      ["RightHand"] = CFrame.new(0.000108, -0.000113, 0.000155, 0.976083, -0.091132, 0.197374, 0.127484, 0.975348, -0.180123, -0.176094, 0.200977, 0.963639),
      ["RightLowerArm"] = CFrame.new(0.000006, 0.000011, 0.000173, 0.989984, 0.050623, 0.131794, 0.003414, 0.924649, -0.380805, -0.141141, 0.377441, 0.915215),
      ["RightLowerLeg"] = CFrame.new(-0.000030, -0.000009, 0.000086, 0.999513, -0.003711, -0.030973, 0.010861, 0.972166, 0.234039, 0.029243, -0.234262, 0.971734),
      ["RightUpperArm"] = CFrame.new(0.055919, -0.044551, -0.355321, 0.992235, 0.123439, 0.015215, -0.123982, 0.971990, 0.199658, 0.009857, -0.199994, 0.979748),
      ["RightUpperLeg"] = CFrame.new(-0.000005, -0.000023, 0.000161, 0.989960, 0.140391, -0.016385, -0.139441, 0.989005, 0.049254, 0.023120, -0.046475, 0.998652),
      ["UpperTorso"] = CFrame.new(0.000032, -0.000003, -0.000066, 0.966868, 0.048714, 0.250585, -0.101002, 0.974523, 0.200272, -0.234445, -0.218935, 0.947153)
    }},
    {Time = 0.500, Data = {
      ["Head"] = CFrame.new(-0.000047, 0.000030, 0.000076, 0.992155, 0.021633, -0.123126, -0.021465, 0.999766, 0.002701, 0.123156, -0.000032, 0.992387),
      ["LeftFoot"] = CFrame.new(-0.000012, 0.000098, 0.000148, 0.991208, 0.131834, 0.011262, -0.132307, 0.986967, 0.091593, 0.000959, -0.092278, 0.995733),
      ["LeftHand"] = CFrame.new(0.007458, 0.000735, -0.012103, 0.992454, 0.087437, -0.085966, -0.092768, 0.993875, -0.060047, 0.080186, 0.067577, 0.994487),
      ["LeftLowerArm"] = CFrame.new(0.006437, -0.014642, 0.008832, 0.993266, -0.032753, -0.111128, -0.007432, 0.939217, -0.343245, 0.115616, 0.341759, 0.932649),
      ["LeftLowerLeg"] = CFrame.new(-0.000058, 0.000044, 0.000050, 0.999953, -0.000145, 0.009725, -0.000577, 0.997245, 0.074181, -0.009709, -0.074184, 0.997197),
      ["LeftUpperArm"] = CFrame.new(-0.054735, -0.044418, -0.356488, 0.994204, -0.098405, -0.043303, 0.106821, 0.949714, 0.294333, 0.012162, -0.297253, 0.954721),
      ["LeftUpperLeg"] = CFrame.new(0.000034, -0.000015, -0.000043, 0.987956, 0.075382, 0.135134, -0.007826, 0.896536, -0.442904, -0.154539, 0.436510, 0.886327),
      ["LowerTorso"] = CFrame.new(-1.425917, -0.151760, 1.791766, 0.995454, -0.076021, 0.057369, 0.076752, 0.996994, -0.010649, -0.056387, 0.014959, 0.998296),
      ["RightFoot"] = CFrame.new(-0.000022, -0.000075, -0.000027, 0.998947, -0.036816, -0.027385, 0.028480, 0.965464, -0.258975, 0.035973, 0.257922, 0.965496),
      ["RightHand"] = CFrame.new(0.000108, -0.000114, 0.000155, 0.977580, -0.102014, 0.184203, 0.136093, 0.973638, -0.183052, -0.160673, 0.204017, 0.965692),
      ["RightLowerArm"] = CFrame.new(0.000006, 0.000011, 0.000173, 0.983803, 0.067999, 0.165853, 0.011960, 0.898291, -0.439238, -0.178852, 0.434108, 0.882928),
      ["RightLowerLeg"] = CFrame.new(-0.000030, -0.000007, 0.000087, 0.999891, -0.002588, -0.014525, 0.004169, 0.993938, 0.109866, 0.014153, -0.109915, 0.993840),
      ["RightUpperArm"] = CFrame.new(0.055919, -0.044553, -0.355321, 0.992996, 0.117910, 0.007477, -0.116644, 0.968335, 0.220728, 0.018786, -0.220054, 0.975307),
      ["RightUpperLeg"] = CFrame.new(-0.000005, -0.000023, 0.000161, 0.988471, 0.151378, -0.003012, -0.148402, 0.972598, 0.178970, 0.030021, -0.176460, 0.983850),
      ["UpperTorso"] = CFrame.new(0.000032, -0.000004, -0.000066, 0.954327, 0.061215, 0.292425, -0.122031, 0.973281, 0.194518, -0.272704, -0.221308, 0.936296)
    }},
    {Time = 0.533, Data = {
      ["Head"] = CFrame.new(-0.000047, 0.000031, 0.000076, 0.990110, 0.027591, -0.137556, -0.027795, 0.999614, 0.000435, 0.137514, 0.003398, 0.990494),
      ["LeftFoot"] = CFrame.new(-0.000012, 0.000098, 0.000148, 0.992964, 0.117688, 0.013142, -0.118177, 0.991892, 0.046738, -0.007536, -0.047962, 0.998821),
      ["LeftHand"] = CFrame.new(0.007458, 0.000736, -0.012103, 0.992568, 0.096515, -0.074120, -0.100974, 0.993144, -0.058899, 0.067924, 0.065954, 0.995508),
      ["LeftLowerArm"] = CFrame.new(0.006437, -0.014643, 0.008831, 0.992366, -0.035458, -0.118122, -0.008854, 0.934825, -0.354999, 0.123011, 0.353335, 0.927374),
      ["LeftLowerLeg"] = CFrame.new(-0.000058, 0.000043, 0.000050, 0.999964, -0.000086, 0.008427, -0.000455, 0.997936, 0.064216, -0.008415, -0.064217, 0.997900),
